1341846647.802247 0.000000000 0.000000000 0.000000000 0.000000000 0.000000000 0.000000000 1.000000000
1341846647.834093 0.002820186 -0.001107161 -0.001711130 0.000566399 -0.000050398 0.001460501 0.999998748
1341846647.866652 0.009317658 -0.002642683 -0.004940444 0.001652034 0.001229851 0.003470231 0.999991834
1341846647.901972 0.010721765 0.002010843 -0.004916397 0.002451395 0.003497150 0.003977999 0.999982953
1341846647.934224 0.008707838 0.002641857 -0.003704078 0.001130561 0.004099917 0.004114604 0.999982476
1341846647.970225 0.010345330 0.001117085 -0.004134435 0.000422530 0.002403397 0.004630405 0.999986291
1341846648.002341 0.015538691 0.005365941 -0.006294546 0.000265585 0.000935915 0.004870487 0.999987662
1341846648.034343 0.015000072 0.007418061 -0.005448345 -0.001730646 -0.000244591 0.004802515 0.999986947
1341846648.070164 0.014072928 0.001356685 -0.004422623 -0.003858497 -0.003033470 0.005098122 0.999974966
1341846648.102152 0.021512391 -0.000856601 -0.006845658 -0.003491577 -0.007347524 0.006206293 0.999947667
1341846648.138185 0.028401537 0.003993817 -0.009654660 -0.003337638 -0.009647707 0.006544244 0.999926448
1341846648.170568 0.027040411 0.004539063 -0.012692769 -0.006355402 -0.011035095 0.005613492 0.999903142
1341846648.202106 0.024483956 -0.001776494 -0.009195870 -0.008609819 -0.014902799 0.005262055 0.999838054
1341846648.238157 0.025492547 -0.002531747 -0.012262388 -0.007959920 -0.020026531 0.005390347 0.999753237
1341846648.270152 0.022905942 0.007081405 -0.019997684 -0.008512223 -0.024972402 0.002735735 0.999648154
1341846648.302183 0.030714162 0.007304807 -0.018740686 -0.014107532 -0.030950969 -0.002197861 0.999418914
1341846648.338170 0.030253094 0.002915789 -0.017493729 -0.017927235 -0.035647649 -0.005089621 0.999190688
1341846648.370216 0.021215625 -0.003161781 -0.017614331 -0.020843187 -0.040724408 -0.004684151 0.998942018
1341846648.406052 0.023961067 -0.000134639 -0.018876120 -0.021556808 -0.051751338 -0.004114629 0.998418868
1341846648.438342 0.041678771 -0.005535351 -0.019551504 -0.022400916 -0.060148593 -0.001250177 0.997937262
1341846648.470076 0.047584832 -0.000610201 -0.023853410 -0.022743892 -0.066214688 -0.000559469 0.997545958
1341846648.506263 0.045875497 -0.000125958 -0.024683120 -0.025843138 -0.071971841 -0.001257516 0.997071028
1341846648.538249 0.046587221 0.000885356 -0.022301696 -0.028662417 -0.078437790 -0.002935218 0.996502578
1341846648.570179 0.076251715 0.001057627 -0.018455431 -0.031880304 -0.086426966 -0.002472086 0.995744884
1341846648.606081 0.062013939 -0.004151010 -0.025283741 -0.035151958 -0.088417649 -0.004294648 0.995453775
1341846648.638395 0.062302582 -0.007946789 -0.019816130 -0.035633832 -0.097646222 -0.006731255 0.994560301
1341846648.674053 0.070123412 -0.003545841 -0.022277886 -0.033022296 -0.102380350 -0.007105115 0.994171679
1341846648.706058 0.068342566 -0.007902687 -0.024148371 -0.034958892 -0.108765543 -0.005704754 0.993436158
1341846648.738116 0.092676908 -0.013560462 -0.006724771 -0.036289543 -0.122811072 -0.003864855 0.991758823
1341846648.774049 0.099860199 -0.010153831 -0.008227818 -0.032773167 -0.125488624 -0.004261719 0.991544425
1341846648.805941 0.108849958 -0.019825507 -0.012627862 -0.033419743 -0.129897147 -0.001088509 0.990963459
1341846648.838602 0.111417472 -0.017929794 -0.012450807 -0.033879027 -0.137950972 0.000140221 0.989859462
1341846648.874088 0.104456238 -0.006096507 -0.016101303 -0.033122677 -0.139411956 -0.002709038 0.989676654
1341846648.906165 0.115529045 -0.018360412 -0.014776114 -0.038070869 -0.146029040 0.000652216 0.988547266
1341846648.942154 0.122878112 -0.021930864 -0.008055970 -0.039180510 -0.162981465 0.005791124 0.985833824
1341846648.974090 0.110163659 -0.011359137 -0.031832021 -0.037566375 -0.170365870 -0.002965563 0.984660029
1341846649.006157 0.099442787 -0.015380060 -0.008892868 -0.041972455 -0.172924936 -0.005598038 0.984024346
1341846649.042101 0.104188249 -0.020402284 -0.011715002 -0.042998109 -0.180878013 -0.000416109 0.982565105
1341846649.074128 0.170533463 -0.002767142 0.005149726 -0.042230230 -0.200560316 -0.005153077 0.978757203
1341846649.106188 0.170380846 -0.002809969 0.008722544 -0.044727478 -0.200677305 -0.015040704 0.978520274
1341846649.142042 0.170382544 -0.006053193 0.006698638 -0.048063803 -0.202702254 -0.016916612 0.977913857
1341846649.174442 0.170007020 -0.000534240 0.016831681 -0.048901260 -0.208551362 -0.022208301 0.976535618
1341846649.216152 0.176107526 -0.000690829 0.024265300 -0.049851526 -0.210351139 -0.026385188 0.975997448
1341846649.248048 0.175664335 -0.003193200 0.012925766 -0.052362166 -0.208491534 -0.023806745 0.976331234
1341846649.280075 0.204544649 -0.008005639 0.013027489 -0.057396621 -0.215568513 -0.022946879 0.974530280
1341846649.316071 0.201167256 -0.009953762 0.027684987 -0.062766150 -0.216308534 -0.023907028 0.974012077
1341846649.348041 0.214621514 -0.037352812 0.050407503 -0.069247127 -0.221742287 -0.019924069 0.972439289
1341846649.383973 0.221282050 -0.035017911 0.051908962 -0.067360193 -0.226763591 -0.016506659 0.971477449
1341846649.416053 0.217593446 -0.025308475 0.028749734 -0.065992095 -0.223658949 -0.024207460 0.972129464
1341846649.448084 0.226524681 -0.026697442 0.041703608 -0.071030170 -0.222662210 -0.024195556 0.972003520
1341846649.484154 0.226780266 -0.032540582 0.052243423 -0.074542619 -0.225398660 -0.021674944 0.971168935
1341846649.516198 0.227844164 -0.030094046 0.058281906 -0.072992317 -0.227190495 -0.025399782 0.970778823
1341846649.552101 0.236373678 -0.034371000 0.061338838 -0.071882121 -0.226140305 -0.030002799 0.970975459
1341846649.616167 0.242251635 -0.046459280 0.060727291 -0.073708534 -0.229330167 -0.021945817 0.970305681
1341846649.678101 0.243908376 -0.046150617 0.063397214 -0.072012395 -0.230976328 -0.025052983 0.969967246
1341846649.710937 0.243074968 -0.045064740 0.056887262 -0.070873216 -0.235837564 -0.022390556 0.968945980
1341846649.746112 0.252445787 -0.054744281 0.066084534 -0.070509784 -0.243793741 -0.027503179 0.966869473
1341846649.778019 0.254468113 -0.042985652 0.057794884 -0.066670574 -0.247257829 -0.027738787 0.966255248
1341846649.810257 0.296828032 -0.063798569 0.061905742 -0.069288336 -0.262054414 -0.023751425 0.962269425
1341846649.846059 0.300115168 -0.060163736 0.047685072 -0.070185870 -0.269589841 -0.027589023 0.960017741
1341846649.878137 0.304819763 -0.059690017 0.063717201 -0.074720360 -0.276137739 -0.030340770 0.957728684
1341846649.914184 0.305902600 -0.058867510 0.084290035 -0.073419884 -0.282654166 -0.027569439 0.956010520
1341846649.952612 0.314541280 -0.050362859 0.072263882 -0.070007414 -0.284733564 -0.025886128 0.955696404
1341846650.014156 0.319109052 -0.060654230 0.085166708 -0.071941525 -0.287936211 -0.015351711 0.954820096
1341846650.046184 0.289516628 -0.039317988 0.077215403 -0.067361213 -0.283994436 -0.017602097 0.956294835
1341846650.078250 0.361396819 -0.034466527 0.131503865 -0.066154085 -0.297001481 -0.011340459 0.952515185
1341846650.114215 0.367023289 -0.038367976 0.129361421 -0.065538704 -0.296764284 -0.007188220 0.952672005
1341846650.146137 0.368811041 -0.038576268 0.141043872 -0.063691922 -0.299453795 -0.004979330 0.951969504
1341846650.182236 0.372270346 -0.032494474 0.147583485 -0.057975475 -0.299264669 -0.008851531 0.952366054
1341846650.214164 0.381462514 -0.036766216 0.131345451 -0.057161365 -0.297134280 -0.007464967 0.953093946
1341846650.246084 0.384072900 -0.039466769 0.139319211 -0.059310474 -0.298706442 -0.007795922 0.952468336
1341846650.282167 0.382620722 -0.028406542 0.165251672 -0.053565543 -0.298403949 -0.014397510 0.952826560
1341846650.314158 0.388969779 -0.033529870 0.147421122 -0.051175680 -0.293913215 -0.016019307 0.954326689
1341846650.350453 0.395727694 -0.046701122 0.136105493 -0.055370182 -0.293789029 -0.015042503 0.954146683
1341846650.382075 0.407366753 -0.055083621 0.160869747 -0.058130104 -0.297041148 -0.019166106 0.952900887
1341846650.414224 0.407568693 -0.051844545 0.172107443 -0.055035546 -0.293343216 -0.020828651 0.954194427
1341846650.450353 0.405674815 -0.053316109 0.154409513 -0.054073989 -0.286717325 -0.017808579 0.956322134
1341846650.484849 0.406743199 -0.049626436 0.145859659 -0.054830745 -0.283395588 -0.020990171 0.957204223
1341846650.514091 0.403258920 -0.053578146 0.169314921 -0.055771518 -0.279151738 -0.022994377 0.958350182
1341846650.550746 0.390372306 -0.058469549 0.182929322 -0.051794384 -0.272174358 -0.020770056 0.960628510
1341846650.582069 0.387914717 -0.049402460 0.154610038 -0.045355327 -0.264357775 -0.022536585 0.963093936
1341846650.618092 0.383273959 -0.048686352 0.148085058 -0.045062203 -0.258166671 -0.025973929 0.964699268
1341846650.650422 0.374213338 -0.058703247 0.153881878 -0.045928027 -0.251060903 -0.028525883 0.966460228
1341846650.682114 0.359205484 -0.059444577 0.149022326 -0.044840876 -0.242953300 -0.029936280 0.968538523
1341846650.718110 0.350891411 -0.059287645 0.143198639 -0.043945223 -0.237236753 -0.033155538 0.969890833
1341846650.750112 0.341632664 -0.054225143 0.149556935 -0.041406788 -0.230143681 -0.037057493 0.971568882
1341846650.782116 0.325454652 -0.065340064 0.146350771 -0.042425934 -0.219152421 -0.033932522 0.974177003
1341846650.818115 0.310816288 -0.072559670 0.133504167 -0.040683474 -0.213924274 -0.031982820 0.975478530
1341846650.850139 0.308785766 -0.055842470 0.125379756 -0.036774755 -0.209940419 -0.034512985 0.976412535
1341846650.886238 0.303216755 -0.057138752 0.120678522 -0.038307562 -0.198128894 -0.036129352 0.978760481
1341846650.918288 0.273556054 -0.061211191 0.126290068 -0.039153073 -0.185293049 -0.034548696 0.981294990
1341846650.950233 0.261727989 -0.056177631 0.114775859 -0.037852231 -0.178054556 -0.032182276 0.982765496
1341846650.986247 0.265339971 -0.060127258 0.124395065 -0.040205896 -0.169972956 -0.028650945 0.984211206
1341846651.050482 0.225114658 -0.055852961 0.092402741 -0.037001159 -0.148438320 -0.023319462 0.987954021
1341846651.086169 0.224110872 -0.049244978 0.098566912 -0.040412169 -0.141741380 -0.021534314 0.988844037
1341846651.118423 0.199880332 -0.068737417 0.110349216 -0.042375080 -0.131108791 -0.019732550 0.990265310
1341846651.154189 0.208962917 -0.059011012 0.106395356 -0.036833718 -0.127081722 -0.015528044 0.991086483
1341846651.186391 0.187614590 -0.046731889 0.082609519 -0.036249291 -0.117998578 -0.012462867 0.992273629
1341846651.218036 0.186321989 -0.056267772 0.072158217 -0.040398408 -0.113631874 -0.010117603 0.992649674
1341846651.254031 0.156906977 -0.059302937 0.071688592 -0.040749356 -0.104446553 -0.012011044 0.993622720
1341846651.286406 0.144089341 -0.059211656 0.068589382 -0.042719290 -0.098734565 -0.013556822 0.994104028
1341846651.318309 0.131946295 -0.062391501 0.069305301 -0.044486545 -0.094044410 -0.015947351 0.994445682
1341846651.354135 0.121907555 -0.055021238 0.071174756 -0.041660480 -0.088337585 -0.020152844 0.995014966
1341846651.386180 0.103214525 -0.057701331 0.068595789 -0.041295066 -0.079194032 -0.019771764 0.995807290
1341846651.422237 0.094393335 -0.063416675 0.053574011 -0.042845823 -0.076264538 -0.018311892 0.995998323
1341846651.522099 0.078365728 -0.070118256 0.046542190 -0.046093579 -0.059493955 -0.026516609 0.996811271
1341846651.492135 0.088978410 -0.062841721 0.040309355 -0.045264050 -0.069694452 -0.026993882 0.996175289
1341846651.560316 0.058327515 -0.072310880 0.041718822 -0.043803409 -0.050744802 -0.025275430 0.997430384
1341846651.622176 0.040048655 -0.078786954 0.029705202 -0.036123447 -0.040351745 -0.027086396 0.998164892
1341846651.654223 0.026629431 -0.080991991 0.027359147 -0.032923572 -0.035998035 -0.026070774 0.998469055
1341846651.690127 -0.003396452 -0.075327531 0.016464189 -0.027496256 -0.029382823 -0.024443556 0.998890936
1341846651.722318 -0.015770648 -0.070497692 0.009449584 -0.023296038 -0.024731500 -0.021979706 0.999180913
1341846651.754212 -0.027908528 -0.066339366 -0.000683205 -0.021003459 -0.020673931 -0.020887468 0.999347389
1341846651.790200 -0.036858745 -0.055584703 -0.013348739 -0.020987285 -0.015328085 -0.021866294 0.999423027
1341846651.822233 -0.054793186 -0.071030900 -0.014515866 -0.022794466 -0.007886519 -0.021354314 0.999480963
1341846651.858213 -0.068394251 -0.075667776 -0.025470078 -0.014529918 -0.002322684 -0.018689455 0.999717057
1341846651.890237 -0.074687019 -0.072165556 -0.029701473 -0.006775874 0.002588150 -0.014744413 0.999864995
1341846651.922186 -0.087084725 -0.066396907 -0.035578657 -0.004669006 0.007527381 -0.011916058 0.999889791
1341846651.958047 -0.097733162 -0.076435216 -0.042870097 -0.003900762 0.010377907 -0.009488262 0.999893546
1341846651.990020 -0.101117365 -0.083459616 -0.042527873 0.001752009 0.015335620 -0.004845329 0.999869108
1341846652.022081 -0.117474705 -0.072588347 -0.049938317 0.008921120 0.020904548 -0.000447483 0.999741554
1341846652.058058 -0.131059751 -0.060835946 -0.061367210 0.010547359 0.022992976 0.001724927 0.999678493
1341846652.090106 -0.154672101 -0.057365663 -0.048504297 0.008609336 0.026947485 0.001407361 0.999598742
1341846652.126257 -0.182892188 -0.056049254 -0.048395462 0.006815961 0.034500360 -0.001081389 0.999380827
1341846652.158232 -0.196941376 -0.058737449 -0.045253053 0.004525402 0.037274759 0.000487865 0.999294639
1341846652.190049 -0.190023556 -0.063451566 -0.055291712 0.003552937 0.036663897 0.000137215 0.999321282
1341846652.225981 -0.186384290 -0.070117213 -0.060164943 0.003847162 0.042902309 -0.000792396 0.999071538
1341846652.258089 -0.216677621 -0.066074446 -0.047557872 0.006583342 0.052227166 0.002525059 0.998610318
1341846652.290189 -0.232662469 -0.072597034 -0.043373078 0.009084055 0.053423204 0.006005445 0.998512566
1341846652.326148 -0.235930502 -0.074044876 -0.052543826 0.016150594 0.054986086 0.007232244 0.998330295
1341846652.358184 -0.248367324 -0.064102873 -0.051729009 0.020054698 0.059236255 0.008005981 0.998010397
1341846652.394279 -0.264655024 -0.064818069 -0.050412826 0.020578124 0.062034361 0.007662522 0.997832417
1341846652.426287 -0.271021485 -0.068697058 -0.050605472 0.021846712 0.064192742 0.006219016 0.997678936
1341846652.458277 -0.283933640 -0.072049707 -0.048079714 0.024031470 0.068464659 0.007165667 0.997338295
1341846652.494100 -0.297119766 -0.066713497 -0.052547891 0.027340923 0.071965426 0.006987875 0.997007787
1341846652.526469 -0.298858851 -0.061888900 -0.053742900 0.027366472 0.075186737 0.006195184 0.996774554
1341846652.562089 -0.326460630 -0.075970680 -0.051653150 0.026452603 0.084961586 0.004840298 0.996021271
1341846652.594254 -0.349660605 -0.072647043 -0.048696090 0.029324666 0.099842809 0.004014364 0.994562864
1341846652.626356 -0.354649633 -0.074679017 -0.048289612 0.030678647 0.110896684 0.003727092 0.993351281
1341846652.662152 -0.320367575 -0.071555860 -0.078473583 0.031860441 0.124592960 0.000971756 0.991695762
1341846652.694113 -0.314978451 -0.070733011 -0.076938942 0.030705974 0.149761155 -0.001499968 0.988244116
1341846652.726378 -0.327631980 -0.073886506 -0.076505922 0.032855492 0.180238500 -0.001754387 0.983072460
1341846652.762129 -0.314899087 -0.077565253 -0.091793254 0.031142116 0.202903807 -0.002601997 0.978699863
1341846652.794152 -0.299284458 -0.081687547 -0.109505385 0.029436640 0.231487393 0.001572658 0.972391188
1341846652.830250 -0.298661172 -0.075873271 -0.093493156 0.029480275 0.259537488 0.000080729 0.965282977
1341846652.862014 -0.329555839 -0.078301534 -0.051248327 0.025990499 0.282778859 -0.004532187 0.958822250
1341846652.894426 -0.338395059 -0.079741128 -0.027945355 0.025516495 0.303489745 -0.002059047 0.952490747
1341846652.930346 -0.362404048 -0.075848199 -0.018625766 0.028125849 0.326716065 0.000032114 0.944703937
1341846652.962213 -0.386441886 -0.075594187 0.009393677 0.025459629 0.345866352 -0.003310496 0.937932491
1341846653.030292 -0.382134020 -0.073727064 0.034801230 0.021930894 0.374714911 0.000313113 0.926880598
1341846653.062672 -0.376407862 -0.068048939 0.064761758 0.025665192 0.391533405 -0.000026639 0.919805884
1341846653.099024 -0.393300235 -0.064880431 0.043392405 0.023854710 0.406349182 -0.002130653 0.913403988
1341846653.130475 -0.383963972 -0.070868626 0.041045293 0.020454887 0.421727777 0.001658518 0.906490266
1341846653.162620 -0.383284330 -0.074618161 0.033524588 0.019581124 0.435758680 0.004487213 0.899839342
1341846653.198437 -0.387486786 -0.073230892 0.032551438 0.020484781 0.447576225 0.008394166 0.893971741
1341846653.230042 -0.381545067 -0.075338557 0.034199551 0.021434354 0.458973020 0.012143982 0.888108611
1341846653.298380 -0.381638169 -0.075820684 0.034551740 0.020737907 0.483280301 0.018732904 0.875019491
1341846653.330162 -0.381657571 -0.076713033 0.034674749 0.020889044 0.494293451 0.024966652 0.868685365
1341846653.366319 -0.390081882 -0.076325141 0.031042844 0.019454122 0.503199041 0.033722434 0.863293111
1341846653.398226 -0.366739690 -0.067516319 0.044991076 0.021067278 0.509448767 0.035207294 0.859522283
1341846653.430060 -0.366748601 -0.069964014 0.041909814 0.023221185 0.515328109 0.042560872 0.855620384
1341846653.466341 -0.376897573 -0.069148898 0.037633613 0.024840035 0.520146310 0.041819625 0.852690935
1341846653.498194 -0.394670248 -0.066056274 0.031240195 0.024401793 0.524504304 0.041299127 0.850055397
1341846653.530205 -0.460484087 -0.041804455 0.023870811 0.028936787 0.531646132 0.037470739 0.845642388
1341846653.566601 -0.533939183 -0.062313527 0.061793953 0.026015695 0.546328187 0.036241379 0.836382270
1341846653.598213 -0.581883609 -0.064124815 0.073892921 0.026629619 0.552575111 0.038594913 0.832143068
1341846653.634793 -0.519568026 -0.064381622 0.053531766 0.024522366 0.543245077 0.038277108 0.838342607
1341846653.666143 -0.491465271 -0.049681764 0.038582817 0.027618494 0.537123859 0.037026804 0.842237651
1341846653.698738 -0.509805560 -0.049019873 0.048629105 0.028403966 0.536036491 0.042417634 0.842649877
1341846653.734313 -0.544395864 -0.055357419 0.059003323 0.023737062 0.536395490 0.040113050 0.842678666
1341846653.766275 -0.551929295 -0.061471857 0.064314663 0.022426078 0.534650147 0.043404501 0.843660057
1341846653.802358 -0.558124304 -0.067825720 0.073604628 0.021080710 0.530777156 0.047531780 0.845914841
1341846653.834226 -0.543002784 -0.064730108 0.059333086 0.020364199 0.518321633 0.048011925 0.853594065
1341846653.866214 -0.522560239 -0.063172668 0.072654188 0.019903330 0.510952771 0.046153691 0.858138084
1341846653.902170 -0.515814304 -0.086831003 0.089749888 0.013687175 0.504659295 0.050258704 0.861745715
1341846653.934160 -0.507141471 -0.061873917 0.083801478 0.015464826 0.494567961 0.043852363 0.867894173
1341846653.966155 -0.488671482 -0.066309087 0.102930740 0.011471326 0.487520427 0.040459938 0.872098148
1341846654.002169 -0.513049424 -0.055055913 0.086906001 0.011649093 0.479611665 0.041895334 0.876402736
1341846654.034140 -0.505442142 -0.055107262 0.081745207 0.007414795 0.469947159 0.041169550 0.881702781
1341846654.070172 -0.485374361 -0.077967472 0.086377516 0.007056494 0.457201809 0.047194391 0.888081849
1341846654.102438 -0.459673256 -0.072709516 0.130625024 0.010364057 0.448184520 0.041826952 0.892901897
1341846654.134349 -0.494133592 -0.062757388 0.112043396 0.016610665 0.439957649 0.041908015 0.896886289
1341846654.170244 -0.518799424 -0.067337528 0.122885808 0.018208450 0.430190355 0.039453756 0.901691794
1341846654.202087 -0.488691479 -0.057162106 0.143035606 0.020747487 0.414281845 0.029885622 0.909421206
1341846654.234434 -0.490101516 -0.053219173 0.141664028 0.023095423 0.405646950 0.027206192 0.913332880
1341846654.270041 -0.495109141 -0.045606766 0.151857749 0.024499137 0.395051777 0.023669008 0.918027043
1341846654.302117 -0.466974467 -0.027050992 0.171865165 0.026357535 0.378885984 0.017234374 0.924907386
1341846654.338026 -0.440151572 -0.032662395 0.153125048 0.024438551 0.365040034 0.015324091 0.930544794
1341846654.369979 -0.447045445 -0.027283341 0.160017788 0.025342913 0.357396960 0.017654385 0.933441758
1341846654.402172 -0.488877177 -0.034462146 0.170934066 0.025415160 0.342079312 0.017504917 0.939164162
1341846654.438133 -0.403105795 0.003972531 0.155978903 0.028791128 0.316868097 0.012686177 0.947947681
1341846654.470186 -0.429484785 -0.028407678 0.149699986 0.021816930 0.310489237 0.015390457 0.950201869
1341846654.502267 -0.443662047 -0.017295895 0.185365260 0.023256330 0.296945602 0.011272644 0.954544544
1341846654.539064 -0.386508346 -0.005146390 0.157247588 0.025016714 0.268933713 0.009512481 0.962786734
1341846654.570053 -0.393869281 -0.021960674 0.132748604 0.019519206 0.263197690 0.009667670 0.964495957
1341846654.606030 -0.441155076 -0.038059145 0.147993237 0.017575281 0.254961103 0.009645709 0.966743469
1341846654.637980 -0.377945900 -0.036337376 0.130374283 0.022891918 0.229407161 0.010175769 0.973008096
1341846654.670155 -0.344252855 -0.048502952 0.091870919 0.021458855 0.214206606 0.006324072 0.976532161
1341846654.706022 -0.383869022 -0.057028022 0.080761909 0.024198186 0.207192242 0.010406157 0.977945566
1341846654.738497 -0.364841461 -0.081147544 0.030587815 0.024545096 0.183520824 0.012034397 0.982635617
1341846654.774056 -0.299670070 -0.060461003 0.003642164 0.029770471 0.166904941 0.014249799 0.985420406
1341846654.806040 -0.324417442 -0.058795143 0.016559742 0.027434934 0.160868913 0.013826559 0.986497521
1341846654.838060 -0.321153820 -0.060154401 0.026174165 0.027749272 0.144939825 0.015588688 0.988928378
1341846654.874136 -0.296826899 -0.047560945 0.011185382 0.027725216 0.128373697 0.012500861 0.991259456
1341846654.906209 -0.291686624 -0.048362985 0.019359492 0.023879034 0.117752902 0.012888501 0.992672086
1341846654.938214 -0.306733340 -0.056842640 0.054096211 0.025264742 0.105723336 0.015624544 0.993951797
1341846654.974334 -0.276632160 -0.060406022 0.013819886 0.029145930 0.083227940 0.017638888 0.995948017
1341846655.006124 -0.277347714 -0.042095322 -0.006818533 0.031115472 0.071620025 0.018091599 0.996782362
1341846655.042239 -0.281258464 -0.044840835 0.001923457 0.029757774 0.054741099 0.019447200 0.997867584
1341846655.074179 -0.263131887 -0.054661456 0.003743855 0.030853620 0.030805303 0.020314878 0.998842537
1341846655.106132 -0.246204957 -0.048566371 -0.011821883 0.031932037 0.015785435 0.018647349 0.999191403
1341846655.142070 -0.298274368 -0.067300230 -0.055561386 0.029117007 0.002107968 0.017649218 0.999417961
1341846655.174000 -0.265858054 -0.055460230 -0.084578872 0.029690418 -0.023070209 0.013412536 0.999202907
1341846655.206124 -0.237299621 -0.063492186 -0.096414484 0.025553191 -0.036731046 0.012027157 0.998925984
1341846655.242079 -0.218491942 -0.076565854 -0.101350829 0.026136652 -0.052267168 0.016361821 0.998156965
1341846655.274211 -0.152267307 -0.060243942 -0.059443861 0.031050824 -0.067264438 0.018027319 0.997088909
1341846655.310175 -0.144370228 -0.068705805 -0.069503233 0.035495490 -0.068343304 0.022015331 0.996787131
1341846655.342236 -0.148762405 -0.061971210 -0.066240601 0.043997414 -0.073112920 0.026134452 0.996009886
1341846655.374134 -0.127926230 -0.055607397 -0.073238119 0.046813451 -0.077628411 0.027227819 0.995510399
1341846655.410207 -0.130983233 -0.062852308 -0.070735782 0.047585439 -0.077279672 0.029202025 0.995444953
1341846655.442262 -0.153351620 -0.062786147 -0.055873439 0.052678045 -0.083914295 0.029270979 0.994648933
1341846655.474205 -0.135137320 -0.047921538 -0.068112768 0.054832123 -0.095845640 0.029748708 0.993439496
1341846655.510277 -0.129957035 -0.039390888 -0.062872484 0.051766198 -0.107649460 0.028322890 0.992436230
1341846655.542135 -0.108132690 -0.044240743 -0.088634945 0.047400907 -0.117248565 0.029418169 0.991534412
1341846655.578132 -0.108573720 -0.047432858 -0.079443090 0.044597186 -0.124341615 0.029691162 0.990791976
1341846655.642348 -0.108403966 -0.045329597 -0.086052641 0.038738139 -0.143118963 0.027637687 0.988560796
1341846655.678110 -0.103412129 -0.056672040 -0.082736462 0.037563805 -0.153817564 0.030501196 0.986913800
1341846655.710074 -0.092198558 -0.052275512 -0.079099432 0.039136175 -0.166123137 0.032941576 0.984777331
1341846655.748050 -0.093803354 -0.036915909 -0.077512242 0.037985411 -0.176675096 0.030551372 0.983061373
1341846655.810222 -0.093648441 -0.047431499 -0.095691442 0.034006435 -0.194022909 0.033126175 0.979847610
1341846655.846257 -0.084445268 -0.033436947 -0.097063914 0.033516176 -0.204988286 0.032696024 0.977643847
1341846655.910355 -0.073007219 -0.044785749 -0.102605075 0.025971822 -0.224628419 0.031465631 0.973589957
1341846655.946240 -0.073014408 -0.036514048 -0.102721110 0.025553862 -0.234710708 0.029459862 0.971282661
1341846655.978412 -0.061505791 -0.029974760 -0.096650392 0.023289021 -0.242702201 0.028546738 0.969401002
1341846656.014188 -0.052064538 -0.031352710 -0.098211393 0.020385336 -0.246532664 0.029366735 0.968474925
1341846656.046211 -0.045316249 -0.034126334 -0.099176615 0.018107409 -0.249968082 0.030084785 0.967617154
1341846656.078165 -0.047032915 -0.033578269 -0.101460472 0.017859306 -0.254373342 0.032736488 0.966386855
1341846656.114220 -0.044535190 -0.026038792 -0.104921110 0.016762203 -0.259020746 0.032194633 0.965189517
1341846656.146158 -0.045936719 -0.035824697 -0.110901698 0.013672344 -0.264202327 0.032204483 0.963832498
1341846656.178154 -0.042621285 -0.034621354 -0.115740240 0.014240083 -0.270488501 0.032300483 0.962075830
1341846656.214132 -0.038814463 -0.031917397 -0.112038285 0.014257452 -0.276386946 0.031149724 0.960435688
1341846656.246093 -0.032613594 -0.030685307 -0.105285048 0.014948417 -0.280348867 0.031714026 0.959257662
1341846656.282181 -0.033741321 -0.026938209 -0.114818543 0.014650192 -0.282344937 0.031720765 0.958676398
1341846656.314258 -0.032005183 -0.032366928 -0.124202356 0.012637096 -0.286524445 0.029803695 0.957525909
1341846656.346094 -0.026497561 -0.023637494 -0.123838879 0.011781246 -0.290983498 0.028049350 0.956244230
1341846656.382222 -0.029945683 -0.031926926 -0.124955870 0.008104479 -0.294244796 0.027914293 0.955287993
1341846656.414253 -0.041097917 -0.040696535 -0.144412905 0.008897941 -0.301405728 0.028889969 0.953016698
1341846656.446177 -0.023500077 -0.016771795 -0.146618992 0.008791331 -0.311434388 0.027434671 0.949830830
1341846656.482260 -0.025624100 -0.022191605 -0.150027901 0.003335666 -0.316791058 0.026595505 0.948116541
1341846656.519461 -0.018483423 -0.029023588 -0.149887890 0.003082449 -0.324727476 0.027809869 0.945393622
1341846656.582247 -0.012316667 -0.020876933 -0.149671286 -0.001566669 -0.330447942 0.026958941 0.943437815
1341846656.614195 -0.009956121 -0.027360732 -0.138367668 -0.003746171 -0.333949804 0.027759256 0.942174554
1341846656.649995 -0.008710410 -0.024440082 -0.127728581 -0.003489486 -0.335659564 0.027768992 0.941567540
1341846656.682076 -0.012456581 -0.025198590 -0.143965006 -0.004116609 -0.338598669 0.027546896 0.940518558
1341846656.714216 -0.003278844 -0.017774165 -0.132873803 -0.004607302 -0.344152004 0.027513821 0.938499451
1341846656.749974 -0.003233165 -0.016325673 -0.131439388 -0.007114935 -0.345572859 0.027684627 0.937956452
1341846656.782653 -0.003137439 -0.017875792 -0.136683464 -0.007296673 -0.347271413 0.028005620 0.937317967
1341846656.824388 -0.005516142 -0.015435536 -0.144437999 -0.007189032 -0.349633425 0.028286917 0.936431825
1341846656.856226 -0.002718024 -0.008758269 -0.130218893 -0.009771804 -0.351363599 0.027448468 0.935785592
1341846656.892050 -0.002910856 -0.014884776 -0.119245097 -0.012160573 -0.349644661 0.028546536 0.936368406
1341846656.924099 -0.001565572 -0.013501967 -0.118654728 -0.012121666 -0.348877400 0.028163189 0.936666667
1341846656.956112 -0.006355468 -0.005967601 -0.103635445 -0.012971795 -0.343128294 0.027716177 0.938789904
1341846656.992122 -0.001718078 -0.012396568 -0.108919293 -0.015300048 -0.337088615 0.028127428 0.940928280
1341846657.024108 -0.000463858 -0.011165429 -0.110031039 -0.014929445 -0.334321618 0.028595192 0.941906810
1341846657.056121 0.008495767 -0.014168808 -0.106488779 -0.016387753 -0.328991473 0.030710740 0.943691075
1341846657.092006 0.013018295 -0.025814906 -0.087168284 -0.014949967 -0.319228947 0.035446543 0.946896434
1341846657.124027 0.013136540 -0.020901809 -0.071548373 -0.007519757 -0.309706569 0.038512111 0.950022161
1341846657.155973 0.029962664 -0.016734324 -0.086797565 -0.002902942 -0.299197942 0.038116496 0.953425050
1341846657.192094 0.015020825 -0.012818545 -0.085204236 -0.000107372 -0.281879991 0.036362011 0.958760381
1341846657.224195 0.008770050 -0.010951288 -0.076702155 0.002627853 -0.271819323 0.033569735 0.961759031
1341846657.292164 0.010441750 -0.011597676 -0.087576650 0.004574226 -0.250845999 0.028687816 0.967590988
1341846657.354367 0.018927267 -0.009717171 -0.085299790 0.003875763 -0.234274164 0.025079772 0.971839309
1341846657.386193 0.048479788 -0.014728341 -0.080924302 0.003086488 -0.227150574 0.025802221 0.973512888
1341846657.418105 0.047181390 -0.024240687 -0.070071831 0.004323371 -0.215895742 0.027226862 0.976027191
1341846657.454277 0.049044318 -0.022982953 -0.083445147 0.005799372 -0.205336243 0.026359076 0.978319287
1341846657.486117 0.075036123 -0.031164804 -0.068733260 0.005614603 -0.196243525 0.025550978 0.980206132
1341846657.522092 0.103521466 -0.029970467 -0.047393769 0.009049041 -0.188950136 0.025342101 0.981617928
1341846657.554062 0.111571178 -0.030575419 -0.040931355 0.010981424 -0.183425143 0.025548808 0.982640207
1341846657.586078 0.134116694 -0.017531997 -0.046445340 0.012966537 -0.172959894 0.022229249 0.984592617
1341846657.622205 0.173029870 -0.019778825 -0.003319826 0.012720747 -0.170656875 0.026463712 0.984892905
1341846657.654161 0.208750695 -0.018238045 -0.006817982 0.014827883 -0.169735789 0.026991485 0.985008299
1341846657.686517 0.231456161 -0.019775374 -0.005588472 0.014754968 -0.159658879 0.024888461 0.986748099
1341846657.722061 0.239641637 -0.011290596 0.026727211 0.017938662 -0.149901882 0.022945199 0.988271773
1341846657.754104 0.122089870 -0.019882508 -0.046321340 0.017237127 -0.118478708 0.015479421 0.992686272
1341846657.790066 0.144486070 -0.016866911 -0.076607898 0.014222577 -0.107434727 0.010465767 0.994055331
1341846657.822089 0.063366130 -0.038064469 -0.046210416 0.011639767 -0.076482251 0.009728502 0.996955514
1341846657.853972 -0.008379805 -0.037717465 -0.054672018 0.014702803 -0.054457195 0.007911398 0.998376489
1341846657.889993 0.016384270 -0.026821766 -0.045905463 0.014464674 -0.044395935 0.008227736 0.998875380
1341846657.922046 -0.013326067 -0.047042683 -0.042395927 0.013021853 -0.025742711 0.007609820 0.999554813
1341846657.954192 -0.017876655 -0.033294991 -0.050451610 0.015068656 -0.017057709 0.010529128 0.999685526
1341846657.990141 0.074567065 -0.037705209 -0.024946440 0.010481217 -0.021479344 0.010691120 0.999657154
1341846658.022419 0.057328179 -0.052626543 -0.012539179 0.010594285 -0.011197485 0.011399244 0.999816179
1341846658.090215 0.066773936 -0.042321533 -0.016162792 0.012641764 0.002501225 0.012525835 0.999838471
1341846658.122355 0.048287626 -0.040366635 -0.004774877 0.011683939 0.011259659 0.011297254 0.999804497
1341846658.158136 0.049102973 -0.038850591 -0.003051852 0.010055867 0.014618075 0.011034597 0.999781668
1341846658.190098 0.052576974 -0.038066648 0.004978254 0.008244140 0.020206386 0.010784361 0.999703646
1341846658.226027 0.029152922 -0.050746072 0.012136308 0.008033335 0.029057685 0.008970959 0.999505162
1341846658.258133 0.034825917 -0.041619971 0.010164719 0.011086048 0.030016970 0.008370272 0.999452829
1341846658.290020 0.036715798 -0.042791866 0.013778767 0.009732560 0.034325361 0.004867005 0.999351442
1341846658.326239 0.026758060 -0.044016983 0.013966148 0.010164659 0.038873658 0.001203261 0.999191701
1341846658.358248 0.014372839 -0.029988198 0.012137510 0.008973653 0.040335976 -0.002641032 0.999142408
1341846658.390215 0.020880464 -0.037178677 0.010394973 0.002136735 0.039130654 -0.006527050 0.999210477
1341846658.426300 0.017165402 -0.049070586 0.018166568 -0.001165363 0.043294691 -0.007410279 0.999034166
1341846658.458168 -0.004784280 -0.052133139 0.018406734 0.000254349 0.043877546 -0.006596034 0.999015152
1341846658.494176 0.004389250 -0.031462997 0.013025730 0.000019267 0.037632678 -0.001955266 0.999289751
1341846658.526214 0.002613872 -0.020987663 0.013267573 -0.009313064 0.036131360 -0.004121054 0.999295175
1341846658.558129 -0.014315866 -0.017323831 0.012936680 -0.018840887 0.035995215 -0.005287863 0.999160349
1341846658.594206 -0.022970334 0.033068329 0.008330197 -0.034641072 0.032460250 -0.005785115 0.998855770
1341846658.626105 -0.022567801 -0.004435982 0.018243801 -0.057730190 0.026506238 -0.006293698 0.997960448
1341846658.658181 -0.014023633 -0.031283632 0.017141595 -0.066483080 0.021332197 -0.005416092 0.997544765
1341846658.694141 -0.000962170 0.015440919 0.003532234 -0.071668535 0.018317616 -0.001950204 0.997258365
1341846658.726153 -0.024339911 -0.009062950 0.018373517 -0.089487866 0.019022537 -0.001589646 0.995804965
1341846658.762100 -0.028994387 -0.040254392 0.019206412 -0.097293720 0.013141122 -0.002240459 0.995166421
1341846658.794185 -0.003058784 -0.015301303 0.008417876 -0.096546166 0.008950057 0.001372009 0.995287299
1341846658.826155 -0.018017815 -0.017979836 0.012796310 -0.108896032 0.013934694 -0.000157121 0.993955433
1341846658.862197 -0.027801311 -0.047403425 0.019698944 -0.119752295 0.011710335 -0.000218833 0.992734730
1341846658.894170 0.016298501 -0.024238339 0.009447754 -0.117365919 0.005575722 0.002930461 0.993068755
1341846658.962404 -0.028199770 -0.037670024 0.018265927 -0.135490119 0.018502245 0.004085291 0.990597486
1341846658.994217 -0.009077277 -0.044251837 0.019886926 -0.137837604 0.012863675 0.006114701 0.990352392
1341846659.030070 -0.017271884 -0.058184728 0.021129947 -0.138570949 0.015679065 0.003394416 0.990222573
1341846659.062007 -0.026996218 -0.063431405 0.020331345 -0.135188773 0.016539637 0.003125094 0.990676880
1341846659.094100 -0.010541147 -0.047172271 0.016366700 -0.130619541 0.012653610 0.003767278 0.991344690
1341846659.130368 -0.002906154 -0.052240573 0.013631345 -0.133100688 0.014501767 0.001258639 0.990995586
1341846659.162537 -0.022255825 -0.071147211 0.019266132 -0.133638620 0.018919244 0.001492067 0.990848362
1341846659.198696 -0.005283356 -0.054513603 0.013638293 -0.127684638 0.013914234 0.002377550 0.991714358
1341846659.231286 0.013920370 -0.048483651 0.008518588 -0.127980605 0.015334557 0.001674564 0.991656721
1341846659.263549 -0.004597509 -0.049597055 0.012994057 -0.128088966 0.019830219 0.003894742 0.991556764
1341846659.298797 -0.001915913 -0.049784288 0.011236843 -0.128570408 0.017618753 0.004956463 0.991531491
1341846659.331074 0.009314167 -0.048728988 0.009313604 -0.129800186 0.017736096 0.004922349 0.991369307
1341846659.362420 0.004358457 -0.052210860 0.014435236 -0.130257756 0.020696096 0.006180144 0.991244853
1341846659.398303 -0.006160635 -0.053525396 0.015150328 -0.127948508 0.021980727 0.008037214 0.991504610
1341846659.430262 0.010311523 -0.050781511 0.007705927 -0.127572656 0.018785292 0.007805333 0.991620600
1341846659.466583 0.008182522 -0.051070310 0.012014886 -0.128566056 0.022086836 0.007290881 0.991428196
1341846659.498531 -0.008776859 -0.054168466 0.014912282 -0.126994401 0.024404926 0.009119911 0.991561174
1341846659.530267 0.006657801 -0.051854264 0.010918384 -0.124822885 0.020284180 0.008751146 0.991933107
1341846659.566571 0.015815308 -0.049162418 0.008181375 -0.123695068 0.021699868 0.007598951 0.992053866
1341846659.598122 -0.002541000 -0.053787019 0.012667013 -0.122663312 0.026985997 0.008821158 0.992042184
1341846659.630209 -0.005102019 -0.050087716 0.009609753 -0.119328596 0.024418995 0.009804967 0.992506027
1341846659.666409 0.009749743 -0.048685636 0.004914332 -0.119679600 0.021910258 0.007336793 0.992543638
1341846659.698237 -0.013003450 -0.049654756 0.009653259 -0.120343141 0.026561843 0.006694171 0.992354393
1341846659.734169 -0.017386993 -0.046415351 0.006884599 -0.118876964 0.021223642 0.006387578 0.992661595
1341846659.766421 0.002542851 -0.051487133 0.005155382 -0.120216265 0.015181378 0.003862989 0.992624104
1341846659.798087 -0.008291353 -0.053146631 0.007901277 -0.120096460 0.017608620 0.002857871 0.992601931
1341846659.834075 -0.019121973 -0.054656424 0.008142836 -0.118699975 0.016099865 0.003430555 0.992793679
1341846659.866481 -0.010924072 -0.047909491 0.004407624 -0.116915613 0.010594987 0.003867265 0.993077815
1341846659.898128 -0.009979719 -0.054391798 0.007466269 -0.117728502 0.009313626 0.004209010 0.992993236
1341846659.934286 -0.017520476 -0.061565112 0.007168185 -0.115874596 0.008535501 0.005839755 0.993210018
1341846659.966354 -0.018580684 -0.051047191 0.004353279 -0.111744285 0.004214683 0.005619554 0.993712187
1341846660.002267 -0.007313428 -0.057988591 0.002850719 -0.112382226 0.000927167 0.003826095 0.993657231
1341846660.034581 -0.015137616 -0.065148845 0.002900251 -0.111484379 0.001753674 0.002730236 0.993760884
1341846660.066206 -0.025374884 -0.071066640 0.000502443 -0.108268276 -0.001491486 0.002922408 0.994116306
1341846660.102245 -0.009821402 -0.060995176 -0.000487432 -0.102948479 -0.007159755 0.001069644 0.994660318
1341846660.140244 -0.013794424 -0.060160026 -0.002764299 -0.102025330 -0.005704360 0.000135797 0.994765460
1341846660.202316 -0.019737538 -0.065780200 -0.002180219 -0.098353378 -0.011865437 -0.000410809 0.995080709
1341846660.234105 -0.014411388 -0.066220179 -0.004093046 -0.095312424 -0.011492241 -0.001750190 0.995379567
1341846660.270168 -0.029725872 -0.092443764 -0.008835509 -0.093149774 -0.009623081 -0.001955871 0.995603681
1341846660.302258 -0.031501878 -0.092054687 -0.008845450 -0.079138815 -0.013909449 -0.001214928 0.996765792
1341846660.334349 -0.023996344 -0.081842348 -0.009459949 -0.065563314 -0.016005514 -0.002568109 0.997716725
1341846660.370214 -0.030817525 -0.073319085 -0.012996467 -0.059924897 -0.013757342 -0.004411501 0.998098314
1341846660.401986 -0.031666469 -0.064481974 -0.013576840 -0.058565747 -0.016245931 -0.005062595 0.998138547
1341846660.438062 -0.024152070 -0.070734777 -0.009969691 -0.058813490 -0.018279409 -0.006506614 0.998080373
1341846660.470191 -0.029360993 -0.074770503 -0.009081463 -0.056593772 -0.017432723 -0.006241011 0.998225570
1341846660.502233 -0.032365862 -0.068400063 -0.011374452 -0.053631056 -0.019399663 -0.005252532 0.998358548
1341846660.537985 -0.021968339 -0.064942442 -0.013407750 -0.053576395 -0.021248138 -0.004754344 0.998326361
1341846660.570279 -0.025658455 -0.075906746 -0.011254850 -0.053969990 -0.019240616 -0.003216766 0.998351991
1341846660.602130 -0.038092211 -0.078727171 -0.013457165 -0.050166905 -0.019862000 0.000137851 0.998543322
1341846660.638256 -0.022875238 -0.065016448 -0.016930951 -0.047670178 -0.023928737 0.001055260 0.998575926
1341846660.670338 -0.017662352 -0.074728958 -0.015446106 -0.049865250 -0.020779442 0.001088447 0.998539209
1341846660.706457 -0.031540170 -0.090543933 -0.013917692 -0.046892233 -0.017829500 0.004018332 0.998732746
1341846660.738241 -0.023429431 -0.080794774 -0.018646691 -0.039342027 -0.020454679 0.006976522 0.998992085
1341846660.770121 -0.008485474 -0.078487799 -0.022270754 -0.037126031 -0.018643100 0.007097899 0.999111474
1341846660.806117 -0.019141413 -0.093431972 -0.015449684 -0.034651283 -0.012396676 0.006087289 0.999304056
1341846660.838338 -0.025507189 -0.097078845 -0.020044899 -0.025784440 -0.012131661 0.009633604 0.999547482
1341846660.870203 -0.015682368 -0.089391872 -0.022528764 -0.017072318 -0.012290796 0.008648862 0.999741316
1341846660.906366 -0.010229695 -0.096316211 -0.018504232 -0.013080225 -0.007074389 0.007960657 0.999857724
1341846660.938063 -0.020318132 -0.108294055 -0.021342713 -0.004693588 -0.004673134 0.010376497 0.999924242
1341846660.974147 -0.012653800 -0.100385524 -0.024597950 0.008251373 -0.006184843 0.011133607 0.999884844
1341846661.006234 -0.009810873 -0.086427532 -0.026865467 0.013502765 -0.002496761 0.010527063 0.999850273
1341846661.038225 -0.027614890 -0.109021105 -0.027330393 0.013726055 0.000506615 0.011577745 0.999838650
1341846661.074059 -0.017903594 -0.114896215 -0.023237426 0.025127366 -0.003381071 0.012640379 0.999598622
1341846661.106184 -0.015663689 -0.092401259 -0.029854354 0.035624910 -0.001436353 0.011962491 0.999292612
1341846661.138209 -0.022442563 -0.084980503 -0.031181335 0.034463409 0.000102623 0.011164299 0.999343574
1341846661.174244 -0.018279832 -0.101833634 -0.028653737 0.033272106 -0.000236864 0.010786800 0.999388099
1341846661.206205 -0.021072121 -0.096329674 -0.028616626 0.037747145 0.000960267 0.011212279 0.999223948
1341846661.242184 -0.019012034 -0.089892328 -0.030303802 0.039351780 0.000566770 0.011690805 0.999156892
1341846661.274177 -0.017607560 -0.084016271 -0.031266484 0.038434684 0.001253626 0.010414287 0.999206066
1341846661.308814 -0.023670075 -0.089014754 -0.030551922 0.036519051 0.001656618 0.010454576 0.999276936
1341846661.342489 -0.018708937 -0.086624369 -0.029493121 0.036136594 0.000121258 0.010441728 0.999292314
1341846661.374640 -0.017741187 -0.092748463 -0.030600425 0.034471489 0.000305533 0.009337370 0.999361992
1341846661.410178 -0.025757410 -0.106948435 -0.027655352 0.037073728 -0.000507827 0.010747794 0.999254644
1341846661.442211 -0.013441569 -0.091434777 -0.032181188 0.042511344 -0.003762651 0.010920445 0.999029219
1341846661.474354 -0.018420434 -0.086153373 -0.033427484 0.041730702 -0.001496599 0.009539855 0.999082267
1341846661.510169 -0.029462827 -0.083242439 -0.034329593 0.040326573 -0.002313926 0.008521273 0.999147534
1341846661.542767 -0.014220267 -0.072688498 -0.034757201 0.036343452 -0.005297501 0.006903225 0.999301493
1341846661.574217 -0.021594614 -0.095533937 -0.031546988 0.031590614 -0.003320848 0.006273328 0.999475658
1341846661.610041 -0.026818682 -0.091425896 -0.032995481 0.035400305 -0.006062234 0.007211153 0.999328792
1341846661.642253 -0.018745271 -0.080068052 -0.032418791 0.035203747 -0.007468569 0.006128848 0.999333441
1341846661.678078 -0.025420466 -0.091635667 -0.029849801 0.032802768 -0.006802401 0.006859889 0.999415159
1341846661.710142 -0.025296915 -0.102999501 -0.027968667 0.035473436 -0.009173541 0.008675951 0.999290824
1341846661.742341 -0.023073386 -0.110387117 -0.025288502 0.042415429 -0.010316959 0.007600453 0.999017894
1341846661.778063 -0.021770200 -0.112003349 -0.027245987 0.051065423 -0.009887503 0.005203189 0.998632789
1341846661.810103 -0.022561524 -0.110615775 -0.026708361 0.058563191 -0.009479404 0.004407122 0.998228967
1341846661.842216 -0.021697279 -0.110706985 -0.026681744 0.066436082 -0.010105892 0.003097460 0.997734725
1341846661.878157 -0.017555073 -0.098165326 -0.033051491 0.072608426 -0.009182206 0.001739313 0.997316718
1341846661.910222 -0.021442672 -0.097113751 -0.032664504 0.074117869 -0.006253256 0.000350707 0.997229815
1341846661.946090 -0.026262488 -0.104052082 -0.031070054 0.076633289 -0.005652006 0.000003141 0.997043312
1341846662.010311 -0.030076029 -0.116348311 -0.027173160 0.089633837 -0.004326193 -0.002936608 0.995961070
1341846662.046195 -0.031845514 -0.115212642 -0.033416603 0.098775312 -0.006448403 -0.002308619 0.995086193
1341846662.078099 -0.028643843 -0.108234145 -0.029581252 0.105266586 -0.007003795 -0.004367370 0.994409800
1341846662.110672 -0.032393534 -0.117638551 -0.033777628 0.110693209 -0.004517008 -0.005048030 0.993831515
1341846662.146166 -0.042063899 -0.119740538 -0.037059613 0.118364282 -0.005099186 -0.003375999 0.992951393
1341846662.178168 -0.045025766 -0.121979378 -0.040160317 0.125159338 -0.005346263 -0.002627740 0.992118776
1341846662.214136 -0.046489030 -0.123383790 -0.036430813 0.137498066 -0.002966107 -0.002533557 0.990494370
1341846662.246167 -0.041006520 -0.116354503 -0.042762555 0.148335397 -0.005314921 0.002981007 0.988918304
1341846662.278007 -0.037443776 -0.115673661 -0.042845886 0.152968019 -0.004949993 0.001022470 0.988218248
1341846662.314144 -0.039260883 -0.117891356 -0.044407569 0.158447102 -0.002523798 0.000401009 0.987364173
1341846662.346164 -0.039989024 -0.116583563 -0.043922488 0.163172588 -0.004312011 0.001530426 0.986586928
1341846662.378069 -0.040151332 -0.118525356 -0.044945981 0.169039428 -0.004092792 0.001437005 0.985599756
1341846662.414229 -0.040750828 -0.118928783 -0.042485498 0.175945550 -0.002423043 0.002403136 0.984393954
1341846662.446102 -0.038965989 -0.112907298 -0.038502127 0.183063686 -0.004122603 0.003741383 0.983085275
1341846662.482229 -0.038887255 -0.127921477 -0.042384703 0.189307019 -0.004935287 0.003620816 0.981898844
1341846662.514117 -0.062653370 -0.134266064 -0.022000059 0.198732361 -0.002022828 0.005287308 0.980037451
1341846662.546261 -0.041579567 -0.122738130 -0.039812036 0.206703916 -0.003541531 0.006414450 0.978376091
1341846662.582101 -0.044352211 -0.123479404 -0.039282739 0.209569231 -0.002145521 0.005089275 0.977778196
1341846662.620264 -0.040891934 -0.117925227 -0.044210728 0.213823676 -0.000985229 0.007428644 0.976843536
1341846662.682024 -0.036336035 -0.110915005 -0.043973949 0.222374842 -0.002283256 0.005713101 0.974941790
1341846662.714075 -0.051532697 -0.116756558 -0.029028052 0.223535001 -0.000153583 0.006395445 0.974674881
1341846662.750127 -0.021570945 -0.123918690 -0.027355773 0.227582470 -0.002982498 0.007619362 0.973724425
1341846662.782002 -0.053279914 -0.111082822 -0.053713210 0.231191859 -0.002012964 0.007956468 0.972873569
1341846662.814097 -0.084195606 -0.109648287 -0.069205135 0.227946118 -0.000747687 0.008592163 0.973635554
1341846662.850193 -0.103654362 -0.118491665 -0.040376678 0.228925943 -0.000810433 0.008441383 0.973406911
1341846662.882162 -0.129871786 -0.117998585 -0.068137594 0.231198892 -0.000256542 0.009803772 0.972857058
1341846662.918191 -0.150075600 -0.119641058 -0.079686254 0.229691103 -0.000324290 0.009779872 0.973214388
1341846662.956034 -0.160410047 -0.128727645 -0.067466527 0.229521453 0.000181734 0.009117652 0.973260880
1341846663.018208 -0.149381027 -0.120723315 -0.075976431 0.234984249 -0.003859450 0.010244622 0.971937478
1341846663.049994 -0.153121293 -0.121790446 -0.069953769 0.234430864 -0.004323552 0.009068895 0.972080886
1341846663.118078 -0.147240758 -0.120132588 -0.074026637 0.236494899 -0.003999596 0.007093598 0.971598625
1341846663.150227 -0.229131699 -0.127889931 -0.041135792 0.237631679 0.002204735 0.006300045 0.971332371
1341846663.186300 -0.146683097 -0.118121609 -0.075387128 0.237563118 -0.002959520 0.006135253 0.971348226
1341846663.218442 -0.234334901 -0.119033143 -0.050864436 0.234038547 0.002907660 0.005248204 0.972208798
1341846663.250380 -0.227729127 -0.116296157 -0.052821144 0.227911890 0.003097731 0.004446849 0.973666668
1341846663.286056 -0.222595394 -0.111145988 -0.051939975 0.223865196 0.002838072 0.005428683 0.974600852
1341846663.318060 -0.149243906 -0.102331050 -0.085614808 0.214701116 -0.003223654 0.005667040 0.976658046
1341846663.350114 -0.142956451 -0.100473687 -0.081360765 0.204241589 -0.004479764 0.005315256 0.978895843
1341846663.385985 -0.148829624 -0.107690968 -0.083418399 0.194422781 -0.004242864 0.005376709 0.980893910
1341846663.418056 -0.146423534 -0.104719803 -0.080057375 0.190067098 -0.007101688 0.006912024 0.981721044
1341846663.454044 -0.143060088 -0.103659734 -0.082803637 0.182255536 -0.008579268 0.007446853 0.983185530
1341846663.486091 -0.146038637 -0.101645529 -0.082592860 0.175262019 -0.009008169 0.008227197 0.984446228
1341846663.518394 -0.142307550 -0.102306888 -0.083822161 0.167201042 -0.011023602 0.010085894 0.985809624
1341846663.554251 -0.121050768 -0.103594691 -0.089229561 0.161221325 -0.012753878 0.009873928 0.986786485
1341846663.586143 -0.143673897 -0.095630623 -0.082296163 0.154217348 -0.011457366 0.010844669 0.987910986
1341846663.622145 -0.125925869 -0.099584796 -0.087103628 0.146139145 -0.014276680 0.011519838 0.989093959
1341846663.654099 -0.139688954 -0.097899608 -0.080334723 0.140193209 -0.014436483 0.010389588 0.989964366
1341846663.686099 -0.135321945 -0.087186657 -0.087643340 0.131712019 -0.014915124 0.011601246 0.991107881
1341846663.722109 -0.135470822 -0.104669124 -0.087072179 0.121277191 -0.015169319 0.010147205 0.992450893
1341846663.755694 -0.132915363 -0.096606486 -0.078855351 0.117707931 -0.014464592 0.010392263 0.992888510
1341846663.786304 -0.130350649 -0.045859065 -0.074747242 0.111618705 -0.012888107 0.010271145 0.993614435
1341846663.822090 -0.141653568 -0.068439610 -0.078565136 0.091349900 -0.011030281 0.008349527 0.995722771
1341846663.854115 -0.135674983 -0.102423988 -0.074756242 0.078788251 -0.011306641 0.007343045 0.996800244
1341846663.890140 -0.124894410 -0.048047502 -0.076982573 0.076426096 -0.010798156 0.008367809 0.996981680
1341846663.921987 -0.129363328 -0.026869006 -0.080162242 0.059473846 -0.008728184 0.007267568 0.998165250
1341846663.954282 -0.131387427 -0.084820971 -0.080566250 0.037219942 -0.007448809 0.002486955 0.999276221
1341846663.990370 -0.120582916 -0.072660059 -0.079933748 0.028984746 -0.006244015 0.003123976 0.999555469
1341846664.022124 -0.124685839 -0.043905824 -0.079624005 0.018542422 -0.003715874 0.004204108 0.999812305
1341846664.054171 -0.126041949 -0.057185791 -0.082453690 0.002277465 -0.002462551 0.001281628 0.999993563
1341846664.090250 -0.128104299 -0.088999987 -0.078433640 -0.012636621 -0.000212492 -0.001197760 0.999919415
1341846664.122237 -0.136760443 -0.093787305 -0.075806230 -0.019164996 0.001665184 -0.002186826 0.999812543
1341846664.158241 -0.143027410 -0.085061893 -0.076060914 -0.023395667 0.001515121 -0.001994296 0.999723136
1341846664.190141 -0.126155064 -0.080372736 -0.083179019 -0.032095034 -0.000397573 -0.002153973 0.999482393
1341846664.222189 -0.139495656 -0.094407029 -0.078922100 -0.043293826 0.003020213 -0.004449605 0.999047935
1341846664.258172 -0.140630811 -0.095825292 -0.075890794 -0.048060782 0.002563196 -0.003890501 0.998833537
1341846664.290022 -0.129415303 -0.082126409 -0.081657499 -0.051972754 0.002440873 -0.001486278 0.998644412
1341846664.322491 -0.134951025 -0.080353379 -0.081322022 -0.061110418 0.004994763 -0.001660302 0.998117149
1341846664.358302 -0.138312876 -0.086280525 -0.078989364 -0.070411965 0.005449124 -0.001724438 0.997501612
1341846664.390101 -0.133383647 -0.082304120 -0.080152430 -0.077315196 0.004752057 -0.002798103 0.996991456
1341846664.426143 -0.132701948 -0.077566445 -0.081042178 -0.084575847 0.005793939 -0.002822507 0.996396184
1341846664.458304 -0.135959148 -0.078900412 -0.081656352 -0.093809806 0.006777299 -0.003126560 0.995562136
1341846664.490116 -0.130164042 -0.076987490 -0.079937153 -0.102785796 0.007677147 -0.003691280 0.994667053
1341846664.526173 -0.136278123 -0.076214947 -0.079798937 -0.110647120 0.009560274 -0.002986213 0.993809283
1341846664.558129 -0.134185418 -0.081735812 -0.078652404 -0.119606249 0.008812841 -0.002232297 0.992779791
1341846664.590129 -0.129133791 -0.081972755 -0.077680103 -0.126867786 0.010260572 -0.002621784 0.991863132
1341846664.626196 -0.139165893 -0.100698568 -0.074996740 -0.133573383 0.014282919 -0.002103325 0.990933776
1341846664.658276 -0.136111066 -0.105009951 -0.074958809 -0.131412849 0.012924850 -0.001079109 0.991242886
1341846664.694136 -0.127954453 -0.089246176 -0.075189881 -0.127758786 0.012267512 -0.002898662 0.991725147
1341846664.726667 -0.132654771 -0.092690192 -0.078383565 -0.131575763 0.016396014 -0.004477171 0.991160393
1341846664.758141 -0.147553265 -0.100553095 -0.076206587 -0.134329289 0.018690011 -0.003237057 0.990755200
1341846664.794104 -0.138252094 -0.087750331 -0.074852847 -0.133084953 0.015470767 -0.002720897 0.990980148
1341846664.826123 -0.139809296 -0.087748058 -0.078064814 -0.135086536 0.017321339 -0.002644071 0.990678847
1341846664.862093 -0.150021419 -0.089532271 -0.078451484 -0.136702061 0.017839367 -0.000993665 0.990451038
1341846664.894198 -0.136196524 -0.088382542 -0.077091500 -0.137426153 0.014979066 0.000002337 0.990398765
1341846664.926270 -0.133201674 -0.086623564 -0.079353303 -0.138511047 0.017498823 -0.000417714 0.990206242
1341846664.962375 -0.145629615 -0.086378977 -0.080009058 -0.140453294 0.019920016 -0.000703282 0.989886642
1341846664.997077 -0.146165594 -0.082543731 -0.078889012 -0.142272443 0.020093167 -0.001678444 0.989622176
1341846665.026380 -0.141968459 -0.088751934 -0.078332260 -0.146257862 0.020659829 -0.002671902 0.989027143
1341846665.062417 -0.158578843 -0.086398631 -0.078305975 -0.146913081 0.023607960 -0.002146546 0.988865316
1341846665.094077 -0.144931868 -0.079360135 -0.080535047 -0.148377642 0.020629270 -0.001108714 0.988714933
1341846665.130160 -0.136141568 -0.072967321 -0.084363207 -0.151891842 0.022103922 -0.000606693 0.988149762
1341846665.162114 -0.159281671 -0.085439593 -0.083814502 -0.157427311 0.024618020 0.002804310 0.987219691
1341846665.194100 -0.148626149 -0.080106586 -0.085715249 -0.158522785 0.021465477 0.003411338 0.987116098
1341846665.230221 -0.150413617 -0.073391944 -0.099802658 -0.164025277 0.026380716 0.003031590 0.986098707
1341846665.262005 -0.150861457 -0.074880429 -0.101457104 -0.173618734 0.027263841 0.004233671 0.984426439
1341846665.300077 -0.153037921 -0.074422441 -0.100636296 -0.181093499 0.027157862 0.003590033 0.983084321
1341846665.362294 -0.161304429 -0.079924539 -0.089996360 -0.191539675 0.031834226 0.002030800 0.980966389
1341846665.398079 -0.157561988 -0.080098629 -0.094881400 -0.194692597 0.028525295 0.001668976 0.980448008
1341846665.430162 -0.164692953 -0.076343283 -0.098498523 -0.203733519 0.031842630 -0.001311056 0.978507519
1341846665.462226 -0.149989814 -0.072527200 -0.105486400 -0.213466987 0.034527723 0.000435696 0.976339877
1341846665.498226 -0.165897608 -0.079630971 -0.093149878 -0.219845727 0.033401549 -0.000335538 0.974962592
1341846665.530109 -0.160524741 -0.077027947 -0.091852412 -0.220318303 0.032179076 -0.000415675 0.974897027
1341846665.562222 -0.161923200 -0.078773871 -0.094366126 -0.221294999 0.034209024 0.001047337 0.974606156
1341846665.598196 -0.165841937 -0.077692829 -0.096684150 -0.222812518 0.033654243 0.001556958 0.974278986
1341846665.630107 -0.163066879 -0.072319604 -0.100459740 -0.225175619 0.033867199 0.000224577 0.973729372
1341846665.666289 -0.168106958 -0.076667503 -0.100451052 -0.230180725 0.037219856 0.000426453 0.972435772
1341846665.698060 -0.167719036 -0.079446100 -0.098998979 -0.233797804 0.035807677 0.001473745 0.971624553
1341846665.730361 -0.164299786 -0.072919324 -0.104835756 -0.234930962 0.034603599 0.000324207 0.971395850
1341846665.766193 -0.170756280 -0.075247802 -0.107947432 -0.239544213 0.038232591 -0.000223288 0.970132351
1341846665.798338 -0.164214879 -0.073564924 -0.107617758 -0.242836356 0.037685912 0.000583170 0.969334781
1341846665.834237 -0.164865181 -0.065953799 -0.113891065 -0.244950324 0.038055155 0.000170823 0.968788505
1341846665.866106 -0.161386013 -0.064640000 -0.118156403 -0.250586420 0.039915957 0.000966429 0.967270494
1341846665.898073 -0.167703852 -0.061741784 -0.119396605 -0.257070512 0.043867569 0.001451591 0.965395391
1341846665.934076 -0.165106848 -0.067150548 -0.115959957 -0.263622791 0.042270448 0.002494955 0.963696003
1341846665.966137 -0.169150382 -0.067545921 -0.118825100 -0.267954201 0.043464415 0.003151587 0.962445557
1341846665.998149 -0.168008506 -0.066755801 -0.118906617 -0.272032320 0.046713918 0.004015703 0.961145222
1341846666.034210 -0.168491811 -0.064230777 -0.122244306 -0.271649987 0.045984257 0.006522753 0.961274743
1341846666.072502 -0.169114709 -0.068865150 -0.122298151 -0.273658961 0.045522131 0.006426619 0.960727453
1341846666.134147 -0.155535951 -0.068789616 -0.126944393 -0.281772107 0.045682617 0.007262086 0.958365738
1341846666.166356 -0.167719275 -0.070848510 -0.125277936 -0.283573538 0.046713438 0.007046111 0.957786143
1341846666.202327 -0.173749566 -0.072891928 -0.124356724 -0.286366582 0.050056774 0.006026061 0.956792653
1341846666.234319 -0.158573911 -0.070528880 -0.128039569 -0.288319528 0.045815524 0.007215935 0.956410289
1341846666.266322 -0.154608533 -0.083968386 -0.126527250 -0.295679539 0.042739332 0.007615659 0.954300225
1341846666.302195 -0.188033715 -0.097651884 -0.122983515 -0.309322298 0.050623156 0.006064477 0.949589550
1341846666.335080 -0.178236291 -0.073451802 -0.131701171 -0.314828545 0.049014028 0.006106326 0.947862506
1341846666.370216 -0.166526109 -0.083692715 -0.119232282 -0.324031413 0.043232728 0.008422155 0.945020437
1341846666.402019 -0.160501912 -0.079989471 -0.119092897 -0.330087006 0.042563137 0.010128262 0.942936063
1341846666.434088 -0.164303198 -0.079457276 -0.119295716 -0.335524589 0.044884574 0.012220424 0.940882206
1341846666.470060 -0.165539727 -0.072627909 -0.120237194 -0.335825503 0.042826116 0.016760150 0.940800846
1341846666.502190 -0.163750991 -0.084118694 -0.115510114 -0.343970180 0.043339904 0.019287810 0.937781513
1341846666.534121 -0.179912895 -0.082301304 -0.123086989 -0.353545010 0.049506832 0.020164389 0.933888853
1341846666.570131 -0.179528818 -0.065122984 -0.128246084 -0.357715786 0.048719462 0.022857603 0.932278574
1341846666.602180 -0.161730111 -0.078186102 -0.117339052 -0.367425501 0.044661812 0.023569880 0.928680956
1341846666.638072 -0.163997903 -0.073170602 -0.117648467 -0.373185068 0.046310164 0.022839602 0.926318884
1341846666.670134 -0.163630918 -0.069213107 -0.116862379 -0.376010537 0.044469934 0.024177102 0.925231874
1341846666.738266 -0.166519672 -0.072928853 -0.117932059 -0.380742222 0.042900462 0.026888017 0.923294067
1341846666.770390 -0.152935207 -0.074143529 -0.116176829 -0.383656293 0.038433693 0.028232485 0.922243834
1341846666.802119 -0.154135808 -0.101887248 -0.103349946 -0.390086174 0.035998967 0.031164331 0.919546485
1341846666.838108 -0.158400372 -0.094965823 -0.105906159 -0.390451372 0.035701610 0.033680748 0.919314265
1341846666.870483 -0.155052513 -0.069537900 -0.119497940 -0.388288230 0.034684800 0.034072414 0.920254469
1341846666.906019 -0.225203454 -0.022284165 -0.151212215 -0.380534202 0.046538003 0.035017155 0.922931075
1341846666.937989 -0.217487752 -0.021378569 -0.155069664 -0.383965254 0.042994779 0.035204593 0.921673894
1341846666.970036 -0.210147083 -0.023487300 -0.153763264 -0.388024002 0.041426372 0.034027532 0.920088768
1341846667.006200 -0.229441032 -0.015703179 -0.159089565 -0.388533175 0.044786457 0.031747572 0.919797957
1341846667.038153 -0.232770950 -0.024575479 -0.165032268 -0.391902953 0.041671149 0.030938223 0.918541491
1341846667.074153 -0.172619104 0.036971502 -0.192702860 -0.386326462 0.028348755 0.030541565 0.921420336
1341846667.106156 -0.170042291 0.034800053 -0.181037217 -0.393835723 0.028818673 0.027296664 0.918323338
1341846667.138108 -0.180401132 0.014987409 -0.172408402 -0.397380263 0.027182208 0.025029847 0.916909814
1341846667.174105 -0.206241742 -0.015057921 -0.159554049 -0.401301891 0.030293902 0.022593429 0.915165901
1341846667.206107 -0.216993466 -0.034810968 -0.158793196 -0.403238714 0.035430957 0.018315414 0.914225161
1341846667.238075 -0.216268197 -0.031025395 -0.159901991 -0.397942960 0.034150109 0.015508763 0.916643143
1341846667.274016 -0.163026676 -0.010351084 -0.173511267 -0.386950076 0.023445731 0.012996436 0.921710908
1341846667.306189 -0.191239640 -0.036412112 -0.157077461 -0.384041607 0.031942006 0.009348308 0.922715724
1341846667.342253 -0.186567172 -0.025781699 -0.163946450 -0.368027687 0.028409638 0.008709379 0.929339945
1341846667.374345 -0.192755505 -0.043513909 -0.175466150 -0.361860514 0.028633540 0.006500647 0.931769729
1341846667.406982 -0.236346349 -0.066718131 -0.172985077 -0.358427167 0.038935415 -0.002246552 0.932742715
1341846667.442109 -0.210995808 -0.074752167 -0.162005693 -0.349155128 0.032667633 0.001226963 0.936494529
1341846667.474109 -0.192661002 -0.080045819 -0.170016274 -0.336927116 0.028107863 0.001359184 0.941110134
1341846667.506006 -0.257889003 -0.097768806 -0.192958027 -0.323970944 0.041241098 -0.010395687 0.945110559
1341846667.542298 -0.260943413 -0.088352762 -0.168231398 -0.309788465 0.036946524 -0.010718795 0.950026929
1341846667.574196 -0.238084257 -0.089273021 -0.178019375 -0.294648081 0.031226359 -0.010965697 0.955032527
1341846667.610099 -0.248289853 -0.067187563 -0.186999455 -0.280135542 0.035093952 -0.013055208 0.959229946
1341846667.642293 -0.236172393 -0.037164867 -0.211203545 -0.266572535 0.034154065 -0.008658302 0.963170588
1341846667.674072 -0.228788793 -0.037843473 -0.213392287 -0.263916463 0.032634366 -0.008366396 0.963957012
1341846667.710179 -0.236727253 -0.042578608 -0.212264419 -0.264125764 0.037320986 -0.010904952 0.963704228
1341846667.742255 -0.237581760 -0.041936010 -0.210561112 -0.259223074 0.037762035 -0.010800749 0.965018511
1341846667.774114 -0.243333295 -0.035620332 -0.212119356 -0.250646323 0.037210554 -0.009394393 0.967317700
1341846667.810099 -0.256180406 -0.031336844 -0.213772476 -0.246299803 0.043346129 -0.011149122 0.968159676
1341846667.842103 -0.248347223 -0.050191611 -0.204531193 -0.244598538 0.043654330 -0.011923444 0.968567848
1341846667.878139 -0.256716341 -0.038768671 -0.208298057 -0.232933581 0.043748803 -0.012313004 0.971430063
1341846667.910558 -0.265383303 -0.032723457 -0.209746093 -0.227227300 0.049283434 -0.013664298 0.972497880
1341846667.942116 -0.220187008 -0.104541197 -0.185296059 -0.235542178 0.044134133 -0.014798303 0.970748723
1341846667.978287 -0.258702993 -0.066958189 -0.196741417 -0.220896304 0.050726324 -0.011237740 0.973912418
1341846668.010215 -0.249591678 -0.072567806 -0.186402708 -0.214642659 0.052182950 -0.014472072 0.975190282
1341846668.046247 -0.251886517 -0.063948296 -0.183683872 -0.204989448 0.056159686 -0.015094278 0.977035105
1341846668.078111 -0.260607362 -0.076629639 -0.177415699 -0.198609143 0.057419598 -0.013729428 0.978298962
1341846668.110130 -0.262921333 -0.077091806 -0.179962918 -0.190564498 0.060498100 -0.015055479 0.979693055
1341846668.146332 -0.282155335 -0.081609137 -0.173775703 -0.184206039 0.066462241 -0.015818685 0.980510414
1341846668.178208 -0.279414386 -0.082591169 -0.167302638 -0.173960239 0.064129174 -0.015450828 0.982540846
1341846668.211262 -0.243615553 -0.073921911 -0.168255612 -0.160006166 0.058278617 -0.015758350 0.985268116
1341846668.246163 -0.274730146 -0.075244196 -0.166767180 -0.147589177 0.064616971 -0.015063415 0.986820757
1341846668.278397 -0.289210498 -0.083097324 -0.164498627 -0.136711672 0.064891860 -0.011670412 0.988414288
1341846668.314248 -0.282908052 -0.073743924 -0.170129403 -0.124225177 0.063759059 -0.011182630 0.990140319
1341846668.346231 -0.289129257 -0.075624369 -0.173454866 -0.118492492 0.066195630 -0.009396353 0.990701497
1341846668.378099 -0.267322540 -0.087700196 -0.173964560 -0.114874192 0.061568029 -0.006230826 0.991450667
1341846668.414247 -0.256915689 -0.087604776 -0.175233185 -0.108562581 0.059699997 -0.007216943 0.992269158
1341846668.445965 -0.244536325 -0.079596177 -0.175654083 -0.099705450 0.058158167 -0.006582396 0.993294060
1341846668.478153 -0.305446893 -0.121342853 -0.139803261 -0.090577282 0.066611081 -0.006568315 0.993637562
1341846668.514213 -0.272711873 -0.101606816 -0.152476460 -0.071625315 0.060584150 -0.005971342 0.995572031
1341846668.546115 -0.268483579 -0.083556086 -0.188114718 -0.059936121 0.058873128 -0.007040901 0.996439695
1341846668.582467 -0.257151246 -0.089140207 -0.187182218 -0.053662311 0.056470081 -0.008965127 0.996920824
1341846668.614140 -0.284586787 -0.111341715 -0.165498495 -0.045790669 0.062520802 -0.012026453 0.996920109
1341846668.646312 -0.287495047 -0.101097018 -0.174386621 -0.030838294 0.061337512 -0.011932110 0.997569203
1341846668.682455 -0.264324397 -0.084466286 -0.185641065 -0.020017810 0.054741569 -0.012074050 0.998226881
1341846668.714133 -0.267986566 -0.094640695 -0.182336539 -0.009704805 0.052830450 -0.013781975 0.998461187
1341846668.746132 -0.259109437 -0.076798499 -0.196130887 0.002827061 0.048929039 -0.013064053 0.998712838
1341846668.782338 -0.254313588 -0.055143937 -0.205878481 0.005432990 0.047509156 -0.013052000 0.998770773
1341846668.814140 -0.253131092 -0.062845409 -0.206894994 0.002685943 0.047617488 -0.013707338 0.998767972
1341846668.850214 -0.257663757 -0.058417924 -0.204385623 0.003205352 0.047245502 -0.013628385 0.998785198
1341846668.882442 -0.253323138 -0.051808197 -0.205267563 0.001387921 0.045424536 -0.014803546 0.998857141
1341846668.914289 -0.258388788 -0.063439831 -0.203292236 -0.001148472 0.044951126 -0.017135002 0.998841584
1341846668.950088 -0.266544521 -0.061260942 -0.203202054 0.000659905 0.042377997 -0.020096045 0.998899341
1341846668.982227 -0.251835465 -0.035272945 -0.206166938 0.000139902 0.037438910 -0.024070594 0.999009013
1341846669.014062 -0.258179128 -0.036947612 -0.206216961 -0.008092435 0.037198033 -0.030837070 0.998799264
1341846669.050056 -0.264129519 -0.047679603 -0.205555290 -0.013764108 0.034034129 -0.034381133 0.998734295
1341846669.082525 -0.255264044 -0.031507082 -0.197366521 -0.016567595 0.029054010 -0.040729061 0.998610318
1341846669.118346 -0.259108424 -0.019885257 -0.197266862 -0.024972821 0.028216530 -0.051018931 0.997986615
1341846669.150086 -0.270510763 -0.033709005 -0.188933104 -0.032376654 0.026678300 -0.057558347 0.997460306
1341846669.182477 -0.259123713 -0.030233650 -0.194209650 -0.033671852 0.020734018 -0.064527586 0.997132123
1341846669.218046 -0.250940621 -0.021424729 -0.197687149 -0.039231174 0.020151243 -0.073017523 0.996354997
1341846669.250205 -0.257932365 -0.029885655 -0.187725753 -0.045032874 0.018950352 -0.077602774 0.995786488
1341846669.286114 -0.249964625 -0.031927217 -0.186393455 -0.046287276 0.015622711 -0.082662158 0.995379508
1341846669.318030 -0.242180660 -0.026742369 -0.187868387 -0.047761329 0.016063567 -0.087679528 0.994873405
1341846669.350255 -0.259909630 -0.025511723 -0.181309983 -0.049072735 0.016281737 -0.093423672 0.994283080
1341846669.418200 -0.247214392 -0.018267980 -0.194732174 -0.057057735 0.010788686 -0.114008918 0.991781235
1341846669.450219 -0.256702274 -0.021824511 -0.183821246 -0.061857671 0.010471309 -0.123994879 0.990297556
1341846669.486175 -0.250589997 -0.018303568 -0.195667386 -0.064758644 0.006450011 -0.134445667 0.988781631
1341846669.518033 -0.245342150 -0.016406018 -0.202037379 -0.071478523 0.007462534 -0.147084162 0.986509681
1341846669.554159 -0.254901588 -0.022225391 -0.190367281 -0.078083366 0.009593111 -0.157656655 0.984355271
1341846669.586348 -0.248422876 -0.014659327 -0.199866548 -0.081414267 0.007363568 -0.165084705 0.982885838
1341846669.617976 -0.241410404 -0.016532950 -0.209283948 -0.089192763 0.009257984 -0.175605297 0.980368197
1341846669.654096 -0.251278162 -0.023175076 -0.193808049 -0.094996028 0.014323150 -0.184175625 0.978187084
1341846669.686069 -0.251676649 -0.024137486 -0.193807125 -0.095080271 0.015299832 -0.189403459 0.977165282
1341846669.718075 -0.242658272 -0.014866278 -0.207819104 -0.096377946 0.015545295 -0.197122887 0.975506127
1341846669.754171 -0.239962488 -0.014347069 -0.211976707 -0.102731206 0.018278951 -0.206190020 0.972932637
1341846669.786139 -0.244063005 -0.018301148 -0.201914147 -0.107678533 0.020848747 -0.214081585 0.970638812
1341846669.822151 -0.243380994 -0.016693842 -0.209875375 -0.110120833 0.021573180 -0.222489938 0.968455613
1341846669.854118 -0.238098979 -0.008756973 -0.213538304 -0.114240579 0.022448665 -0.229882404 0.966229379
1341846669.886219 -0.241601914 -0.015005860 -0.207614169 -0.121152870 0.025116362 -0.240111619 0.962827921
1341846669.922050 -0.241656676 -0.014303181 -0.206030279 -0.123254523 0.026358450 -0.247962967 0.960535228
1341846669.954047 -0.237164423 -0.007189211 -0.221390262 -0.126406595 0.027371272 -0.255308181 0.958170056
1341846669.986285 -0.233593434 -0.007995393 -0.217932254 -0.133711234 0.030098950 -0.263831705 0.954781771
1341846670.022242 -0.239354655 -0.015878975 -0.210970044 -0.138396651 0.034052346 -0.272895664 0.951427758
1341846670.054135 -0.234595805 -0.008660804 -0.218615294 -0.139988661 0.036466867 -0.279970139 0.949046969
1341846670.090228 -0.236442760 -0.010225527 -0.218657821 -0.145603448 0.039451458 -0.290355980 0.944953263
1341846670.121996 -0.236437529 -0.013960071 -0.222483575 -0.149910286 0.044040203 -0.301827759 0.940471888
1341846670.154057 -0.230881676 -0.007197898 -0.219783291 -0.152634367 0.048309367 -0.310597032 0.936962366
1341846670.190103 -0.237530679 -0.006010987 -0.213775709 -0.157136396 0.051789235 -0.320814043 0.932579458
1341846670.222197 -0.243658483 -0.015486054 -0.220853671 -0.160052910 0.055557821 -0.332492739 0.927763402
1341846670.258571 -0.233629853 -0.008838337 -0.224971101 -0.160340309 0.060452528 -0.340474099 0.924507380
1341846670.290254 -0.235273272 -0.007314995 -0.226901934 -0.161858588 0.063354231 -0.347529441 0.921418130
1341846670.358377 -0.229376525 -0.015308391 -0.231112480 -0.160259292 0.074740373 -0.364428312 0.914288223
1341846670.390114 -0.231217101 -0.013252702 -0.226939470 -0.158849031 0.082651637 -0.371716797 0.910912931
1341846670.422206 -0.248602808 -0.021800332 -0.223023966 -0.156270623 0.090932153 -0.380460590 0.906951249
1341846670.464003 -0.238264605 -0.036075473 -0.233951256 -0.151304752 0.096553862 -0.390426129 0.902968228
1341846670.526271 -0.247961774 -0.019205041 -0.224521831 -0.142520949 0.114303239 -0.403796226 0.896421313
1341846670.566977 -0.248260066 -0.016525343 -0.218430132 -0.140475050 0.118840188 -0.409582675 0.893524408
1341846670.596103 -0.247306466 -0.017436020 -0.220497876 -0.137375444 0.121282540 -0.413332403 0.891950011
1341846670.628412 -0.248215079 -0.020472754 -0.221953988 -0.135106429 0.124159709 -0.417853534 0.889791548
1341846670.664027 -0.249413162 -0.019517098 -0.221462101 -0.130961433 0.128351644 -0.423360765 0.887209475
1341846670.696002 -0.248635799 -0.020026106 -0.218326718 -0.124720328 0.133356959 -0.428017616 0.885133684
1341846670.728093 -0.246111438 -0.020046914 -0.222142965 -0.118109711 0.137595475 -0.433278054 0.882829368
1341846670.764128 -0.250029683 -0.024168400 -0.230384141 -0.114533834 0.143812492 -0.439595997 0.879178762
1341846670.796059 -0.251923263 -0.023646154 -0.217469156 -0.108908445 0.151272863 -0.444713920 0.876062214
1341846670.832246 -0.243393153 -0.023342237 -0.213757157 -0.100532055 0.154502779 -0.446179926 0.875754356
1341846670.863970 -0.256698668 -0.025828816 -0.210501164 -0.096955918 0.156556532 -0.447241366 0.875251234
1341846670.896139 -0.248071134 -0.033289809 -0.216140538 -0.092294961 0.161028013 -0.446305603 0.875421584
1341846670.932028 -0.254231483 -0.033767100 -0.220729887 -0.081556223 0.167567313 -0.443069369 0.876903236
1341846670.964063 -0.247915447 -0.034950212 -0.215840131 -0.071323559 0.167483956 -0.438827723 0.879938841
1341846671.000270 -0.241849333 -0.036666028 -0.215005040 -0.063854165 0.168083474 -0.438072294 0.880774200
1341846671.032112 -0.253343642 -0.035874609 -0.221055344 -0.055950925 0.175198153 -0.442248702 0.877833247
1341846671.064030 -0.249523222 -0.039270636 -0.215783447 -0.047783524 0.177562132 -0.444348127 0.876779974
1341846671.101398 -0.248049825 -0.041083273 -0.213780552 -0.040985990 0.177701294 -0.449841231 0.874291301
1341846671.132289 -0.247611612 -0.046136253 -0.210134953 -0.031473279 0.179726467 -0.456404656 0.870863140
1341846671.168159 -0.245168269 -0.045408498 -0.205740243 -0.018585816 0.177730277 -0.460678905 0.869391441
1341846671.200149 -0.232830733 -0.049381536 -0.194055274 -0.007402525 0.172225565 -0.463469744 0.869183123
1341846671.232280 -0.243359685 -0.048196629 -0.207669526 0.001933541 0.172281057 -0.468302995 0.866607070
1341846671.268147 -0.241625071 -0.047156245 -0.204973340 0.012515191 0.173985213 -0.471806407 0.864274979
1341846671.300337 -0.261096507 -0.052156229 -0.177403390 0.021347763 0.171403974 -0.471473217 0.864799380
1341846671.336125 -0.258218825 -0.054263100 -0.176522836 0.026497008 0.168703020 -0.475838125 0.862795055
1341846671.368236 -0.221904814 -0.051041484 -0.182996273 0.033069905 0.168151543 -0.482505053 0.858964682
1341846671.400327 -0.217569053 -0.049926698 -0.181278035 0.038535275 0.163874000 -0.484973341 0.858173192
1341846671.436064 -0.207506597 -0.052003466 -0.192090690 0.043293770 0.159518465 -0.489880770 0.855976820
1341846671.468197 -0.196534038 -0.049955316 -0.187095359 0.048460368 0.158895895 -0.496633291 0.851914942
1341846671.504294 -0.185159177 -0.049072072 -0.170155421 0.052065026 0.152934074 -0.501160145 0.850140512
1341846671.536197 -0.179080248 -0.042694896 -0.190018475 0.055947330 0.144449383 -0.511824429 0.845008910
1341846671.568120 -0.170172095 -0.043824576 -0.203401789 0.063172571 0.140424415 -0.518351734 0.841190636
1341846671.604188 -0.168363303 -0.044852812 -0.207516909 0.068433657 0.134776652 -0.523770273 0.838341713
1341846671.636057 -0.170768499 -0.042240579 -0.199786231 0.075890698 0.126048505 -0.528838098 0.835872352
1341846671.672157 -0.162374005 -0.045937043 -0.218159601 0.085569017 0.116487533 -0.534846425 0.832494974
1341846671.704027 -0.147963047 -0.038409453 -0.213692397 0.089985937 0.111512303 -0.537292361 0.831134439
1341846671.736479 -0.151696593 -0.045169525 -0.235632911 0.088049248 0.107736722 -0.543970406 0.827487946
1341846671.774745 -0.163815409 -0.043878797 -0.222298130 0.089277349 0.105173029 -0.549605310 0.823955238
1341846671.804605 -0.162086904 -0.041262984 -0.216547042 0.091719903 0.099664256 -0.551903546 0.822834730
1341846671.840252 -0.174139068 -0.044685572 -0.218143851 0.090274483 0.096455671 -0.557408750 0.819659829
1341846671.872106 -0.163551688 -0.046331502 -0.216036916 0.092425711 0.094104126 -0.561330438 0.817012846
1341846671.904035 -0.157134846 -0.042065077 -0.215282083 0.092943713 0.091408305 -0.563084245 0.816052735
1341846671.972239 -0.166127279 -0.039907705 -0.207350001 0.091153800 0.090318561 -0.574760914 0.808197618
1341846672.034218 -0.165004909 -0.037552632 -0.209991619 0.090012357 0.085882336 -0.585302591 0.801213384
1341846672.066227 -0.163157970 -0.035452511 -0.203799650 0.089896567 0.085773513 -0.591271818 0.796843231
1341846672.098024 -0.164654195 -0.029723838 -0.191421881 0.089466266 0.083710164 -0.594750464 0.794518888
1341846672.134061 -0.165740728 -0.037992343 -0.208268255 0.088561088 0.080215707 -0.599779844 0.791193128
1341846672.166000 -0.163174257 -0.041554146 -0.218771175 0.087479942 0.080306865 -0.604930878 0.787373304
1341846672.198405 -0.163942739 -0.035221361 -0.198822215 0.087750077 0.080258198 -0.608417153 0.784657300
1341846672.234130 -0.170272231 -0.036911406 -0.198240086 0.088581823 0.077768132 -0.612078667 0.781962335
1341846672.266403 -0.173833132 -0.043889515 -0.213675007 0.090401143 0.076273762 -0.614626825 0.779899836
1341846672.302710 -0.169418797 -0.043647900 -0.223291919 0.090346970 0.074582815 -0.615295410 0.779542387
1341846672.335022 -0.171914726 -0.044084281 -0.225984216 0.088267066 0.073164426 -0.617987037 0.777783930
1341846672.366487 -0.180660859 -0.046876743 -0.220291421 0.087908953 0.074285567 -0.621181428 0.775169194
1341846672.402478 -0.175754055 -0.045417987 -0.220388502 0.089577794 0.074071608 -0.620262802 0.775734007
1341846672.434330 -0.176609412 -0.045428645 -0.220561698 0.089051314 0.074026294 -0.619482756 0.776421964
1341846672.472323 -0.176109165 -0.045191020 -0.219883949 0.089397795 0.073762760 -0.618762612 0.776981294
1341846672.534812 -0.169096589 -0.043551043 -0.224466696 0.089639626 0.070775025 -0.615716279 0.779646754
1341846672.570153 -0.170359775 -0.042113304 -0.225191727 0.086717725 0.069921292 -0.616044641 0.779794872
1341846672.502610 -0.173129305 -0.045473568 -0.218692511 0.090215027 0.072542928 -0.617185056 0.778255343
1341846672.608881 -0.178091258 -0.041735683 -0.213832706 0.086560600 0.068629891 -0.614771903 0.780930638
1341846672.640836 -0.169358417 -0.040687889 -0.226034343 0.086110421 0.065475665 -0.610323727 0.784731090
1341846672.708152 -0.179316208 -0.043860625 -0.216198429 0.084603712 0.062887654 -0.599545836 0.793367624
1341846672.770288 -0.173841193 -0.044264529 -0.218477666 0.087177604 0.056635521 -0.578145027 0.809284151
1341846672.803280 -0.177569792 -0.040905003 -0.207018286 0.089176610 0.054336794 -0.568770945 0.815839827
1341846672.838034 -0.172172397 -0.038184322 -0.212654427 0.090630583 0.050363764 -0.558572173 0.822950006
1341846672.870092 -0.171731532 -0.036650266 -0.211100519 0.091025919 0.046490014 -0.551107407 0.828150690
1341846672.902275 -0.169571728 -0.037805673 -0.213558286 0.091058552 0.042859718 -0.543815434 0.833148360
1341846672.938315 -0.166951776 -0.035431124 -0.214451075 0.090635620 0.039010622 -0.534699917 0.839261174
1341846672.970326 -0.166525617 -0.034831457 -0.213587433 0.089048333 0.035421912 -0.525890172 0.845136166
1341846673.008221 -0.162852347 -0.032538019 -0.218940541 0.087533407 0.032527141 -0.516686618 0.851066887
1341846673.070235 -0.164191753 -0.034031279 -0.209010974 0.081387669 0.029176924 -0.496212065 0.863885641
1341846673.106189 -0.168840557 -0.033279274 -0.199236542 0.082538053 0.026435895 -0.483341336 0.871131301
1341846673.138104 -0.164745897 -0.028760904 -0.195452929 0.084359266 0.021942612 -0.469151407 0.878805459
1341846673.170298 -0.164280564 -0.029957281 -0.198357835 0.084532224 0.018771121 -0.459941030 0.883717239
1341846673.206489 -0.171066269 -0.029480768 -0.185229331 0.086330704 0.016021373 -0.450548619 0.888423502
1341846673.238153 -0.165958300 -0.030379545 -0.194388747 0.088360928 0.010836425 -0.440052450 0.893548429
1341846673.274220 -0.169855773 -0.035036169 -0.191182986 0.089179814 0.008308964 -0.432778120 0.897040129
1341846673.306107 -0.170227811 -0.036349673 -0.191365242 0.092419200 0.005316850 -0.423613012 0.901100695
1341846673.338187 -0.170023412 -0.037167147 -0.189280704 0.094719522 0.001556984 -0.413130522 0.905731142
1341846673.374098 -0.169819877 -0.042910561 -0.195056543 0.097135492 -0.000987522 -0.403618157 0.909756064
1341846673.406266 -0.168119922 -0.039170928 -0.190242305 0.100552812 -0.002924346 -0.391363472 0.914721370
1341846673.438267 -0.177836344 -0.042777129 -0.185783759 0.103159226 -0.006417982 -0.379067183 0.919578731
1341846673.474135 -0.170422465 -0.045538653 -0.195533872 0.107190058 -0.010039926 -0.365287751 0.924648225
1341846673.506260 -0.172193915 -0.039449722 -0.188527584 0.110641122 -0.012833112 -0.351027280 0.929717004
1341846673.542168 -0.167150021 -0.031730894 -0.192539304 0.111599267 -0.018065507 -0.338430405 0.934175611
1341846673.574072 -0.167437822 -0.033723257 -0.189077616 0.110789038 -0.021949349 -0.327704161 0.938005328
1341846673.606102 -0.170999169 -0.031125419 -0.196389750 0.110436231 -0.025814665 -0.316904932 0.941652119
1341846673.648026 -0.166048869 -0.023069650 -0.204812631 0.108948559 -0.032008417 -0.304886639 0.945594966
1341846673.710162 -0.173999697 -0.021360707 -0.198103085 0.099456005 -0.041280497 -0.281831503 0.953402042
1341846673.742225 -0.172629401 -0.010501023 -0.200463384 0.096676864 -0.047570109 -0.266697973 0.957738459
1341846673.774298 -0.176778644 -0.013968620 -0.201460779 0.092832789 -0.053723335 -0.251542777 0.961884677
1341846673.810154 -0.179886907 -0.008872345 -0.206618771 0.091036379 -0.058650464 -0.237778276 0.965263665
1341846673.842305 -0.182380140 -0.005541880 -0.201835841 0.088249758 -0.064806432 -0.223295227 0.968582153
1341846673.874285 -0.170539439 -0.000135897 -0.209588975 0.085113458 -0.069969796 -0.212211818 0.970992327
1341846673.910253 -0.177073613 0.002788158 -0.197734132 0.079803638 -0.072278865 -0.200046927 0.973852336
1341846673.942284 -0.176563278 -0.002303878 -0.196141556 0.076390915 -0.076067485 -0.190176159 0.975813091
1341846673.978434 -0.175244763 -0.008815877 -0.181128398 0.075068042 -0.077576652 -0.180983111 0.977543771
1341846674.178154 -0.168964595 -0.000738975 -0.197217360 0.068645112 -0.078041129 -0.130602047 0.985971868
1341846674.016486 -0.177500829 -0.007850464 -0.176681235 0.076564364 -0.077023230 -0.171170667 0.979237437
1341846674.052060 -0.179592222 -0.005425807 -0.180200472 0.076758869 -0.077485509 -0.161455899 0.980834365
1341846674.084057 -0.173142180 -0.003843114 -0.182455629 0.077458210 -0.078106560 -0.152760699 0.982122064
1341846674.152235 -0.183666825 0.001343800 -0.186712459 0.069899753 -0.075517744 -0.138632566 0.984983325
1341846674.210322 -0.166427046 0.015188342 -0.192869127 0.065367490 -0.075319462 -0.122146219 0.987488925
1341846674.246217 -0.184738606 0.006390324 -0.183439121 0.059668664 -0.073667958 -0.115354158 0.988790214
1341846674.278035 -0.183075130 -0.003610223 -0.177807361 0.058967486 -0.075911537 -0.105710499 0.989740133
1341846674.310117 -0.177080750 0.010249678 -0.187784761 0.059975833 -0.077133864 -0.095515735 0.990621030
1341846674.346212 -0.175035715 0.007280177 -0.183869705 0.056941379 -0.077310257 -0.087682426 0.991510272
1341846674.378058 -0.177328438 -0.001684359 -0.177067533 0.056665566 -0.076174945 -0.078461885 0.992386043
1341846674.410162 -0.172270551 0.009067908 -0.198191375 0.057767291 -0.076205485 -0.069582105 0.992982388
1341846674.446125 -0.169523790 0.008807207 -0.194843352 0.055096772 -0.076322466 -0.063497953 0.993532717
1341846674.478198 -0.173516780 0.001397496 -0.192332566 0.054572642 -0.075041339 -0.058002569 0.993995130
1341846674.514124 -0.173724920 0.009504341 -0.196135402 0.055024922 -0.074914686 -0.053278845 0.994244099
1341846674.546062 -0.176667824 0.007248735 -0.198989272 0.053666074 -0.075151809 -0.049331795 0.994504154
1341846674.578094 -0.169966385 0.006192189 -0.197799683 0.053863578 -0.075265005 -0.045078415 0.994686782
1341846674.614179 -0.173156738 0.015200865 -0.196460813 0.053316157 -0.073264927 -0.040277593 0.995071530
1341846674.682209 -0.176296249 0.000538850 -0.193195224 0.053350098 -0.074472420 -0.025199780 0.995476067
1341846674.714186 -0.175880402 0.010828572 -0.194838315 0.055434048 -0.073985040 -0.015882116 0.995590806
1341846674.752271 -0.177284315 0.008006290 -0.191207916 0.054861959 -0.074229047 -0.006306102 0.995711029
1341846674.814222 -0.171135858 0.010367764 -0.190875888 0.053997576 -0.073520482 0.009349419 0.995786905
1341846674.846370 -0.171487585 0.012556009 -0.192967698 0.054555044 -0.073033065 0.017462216 0.995683193
1341846674.882158 -0.174068287 0.016759189 -0.193019032 0.054286256 -0.072488151 0.024288045 0.995594561
1341846674.914224 -0.171364248 0.023237389 -0.199807286 0.052680187 -0.072660990 0.030313766 0.995503008
1341846674.950305 -0.173933312 0.022349903 -0.195080712 0.049722906 -0.072324812 0.035830833 0.995496273
1341846674.982342 -0.179466814 0.030511614 -0.224485412 0.047027837 -0.072943248 0.038581230 0.995479345
1341846675.014137 -0.174593523 0.046613537 -0.231682003 0.040449094 -0.075012453 0.040090661 0.995554984
1341846675.050230 -0.164776281 0.034476258 -0.240920767 0.028946429 -0.077448919 0.045258727 0.995547771
1341846675.088201 -0.165059954 0.037948899 -0.256394923 0.023734339 -0.076392062 0.047088671 0.995682478
1341846675.150188 -0.177268431 0.104067959 -0.240089089 0.006039530 -0.073503084 0.048723709 0.996085763
1341846675.182290 -0.178756848 0.065804981 -0.237548068 -0.011701061 -0.069884218 0.045794003 0.996434748
1341846675.218759 -0.174494728 0.061312452 -0.265956938 -0.019962274 -0.068739280 0.049583748 0.996201694
1341846675.251951 -0.170564055 0.054996856 -0.264688581 -0.027153673 -0.069193423 0.051556602 0.995900035
1341846675.282406 -0.170803934 0.041926775 -0.194156840 -0.031286858 -0.069809973 0.055150691 0.995543122
1341846675.318078 -0.175627843 0.055829354 -0.223766595 -0.033345766 -0.065180965 0.056205604 0.995731115
1341846675.350149 -0.182243198 0.072091229 -0.213772371 -0.038370959 -0.061796580 0.055867150 0.995784998
1341846675.382271 -0.189661041 0.066464975 -0.182896286 -0.050323978 -0.059192065 0.056690969 0.995364249
1341846675.450238 -0.141407833 0.058148913 -0.167028129 -0.058964510 -0.058257777 0.070996732 0.994026542
1341846675.486165 -0.141898155 0.041286934 -0.172114208 -0.052352667 -0.055103280 0.080459833 0.993855655
1341846675.518083 -0.120904095 0.039236933 -0.173325360 -0.044162776 -0.057372775 0.090464123 0.993264437
1341846675.550092 -0.099232137 0.044229873 -0.171856850 -0.037255630 -0.060575459 0.097352564 0.992705941
1341846675.586070 -0.077237122 0.046445660 -0.164756909 -0.034378964 -0.062719390 0.100186773 0.992394567
1341846675.618075 -0.092236295 0.043796826 -0.151005030 -0.028717374 -0.057597477 0.103851408 0.992508292
1341846675.650024 -0.109906837 0.044774838 -0.127015203 -0.022065839 -0.055980407 0.104532339 0.992699504
1341846675.686118 -0.192375407 0.038152296 -0.115198456 -0.017301138 -0.044585358 0.103841431 0.993443370
1341846675.718055 -0.183564425 0.039134406 -0.131714165 -0.012716088 -0.042538889 0.102577277 0.993733704
1341846675.754170 -0.187176496 0.033575699 -0.128293648 -0.006698308 -0.040313017 0.100450665 0.994102418
1341846675.786330 -0.187508464 0.041717667 -0.128151327 -0.001247186 -0.039053988 0.099667236 0.994253337
1341846675.818106 -0.182169005 0.040614396 -0.133650005 0.001645725 -0.035560023 0.097864725 0.994562864
1341846675.854095 -0.182107687 0.038381688 -0.131871387 0.005808413 -0.033332061 0.096604452 0.994747639
1341846675.886163 -0.181200564 0.024297047 -0.135048091 0.010341729 -0.034684133 0.099143624 0.994414687
1341846675.922346 -0.167437911 0.030863531 -0.137556285 0.020705283 -0.035506908 0.099800237 0.994158149
1341846676.054246 -0.115215763 0.037061587 -0.082102582 0.052063782 -0.045632236 0.116210543 0.990808845
1341846676.122163 -0.182048231 0.045605466 -0.216762751 0.059415579 -0.042473730 0.087964632 0.993442535
1341846676.190230 -0.142034844 0.041103423 -0.204617128 0.056383904 -0.046053726 0.087537631 0.993497372
1341846676.222476 -0.102812193 0.090444550 -0.169483051 0.056621406 -0.048008308 0.085390180 0.993578255
1341846676.257017 -0.108045913 0.085644409 -0.157010570 0.049217641 -0.044808663 0.082901552 0.994332492
1341846676.290401 -0.090978578 0.057549164 -0.184949458 0.043777227 -0.045892388 0.084227800 0.994426012
1341846676.322689 -0.068953469 0.080981128 -0.185885862 0.043425970 -0.045299448 0.083449923 0.994534194
1341846676.360815 -0.061788224 0.117414169 -0.200788558 0.035655111 -0.040574349 0.079091102 0.995402932
1341846676.390851 -0.058441564 0.062185004 -0.209073856 0.021455193 -0.038102385 0.078916728 0.995921731
1341846676.424250 -0.040627025 0.058666524 -0.214299679 0.023164378 -0.036814764 0.080655374 0.995792568
1341846676.459033 -0.032118797 0.088183843 -0.222161487 0.023997935 -0.032667514 0.082069479 0.995801985
1341846676.490669 -0.025770154 0.080320865 -0.222664699 0.018845765 -0.029512934 0.083073974 0.995927989
1341846676.532743 -0.013179280 0.078453436 -0.231310144 0.017568260 -0.026378648 0.083302915 0.996020138
1341846676.564052 -0.013680699 0.088322677 -0.238967210 0.016701998 -0.021552376 0.084194742 0.996076167
1341846676.596566 -0.009612105 0.087802865 -0.244486362 0.012743470 -0.020048924 0.083204329 0.996249318
1341846676.632057 0.004786221 0.084338225 -0.245397821 0.011028065 -0.018140322 0.080645308 0.996516764
1341846676.690079 0.010799290 0.084293902 -0.249366879 0.010344137 -0.013604790 0.077067532 0.996879399
1341846676.726102 0.025254330 0.081811279 -0.248330817 0.010507743 -0.011500768 0.074702151 0.997084200
1341846676.758419 0.025835268 0.075977914 -0.250718445 0.012464594 -0.007534577 0.073542766 0.997185707
1341846676.790227 0.029025748 0.083664611 -0.252766997 0.014757046 -0.006604144 0.073866375 0.997137070
1341846676.826179 0.047763359 0.083354235 -0.249685094 0.014947649 -0.004520808 0.072887778 0.997217894
1341846676.858331 0.040284447 0.082918331 -0.250640899 0.016460964 0.000396109 0.072985016 0.997197092
1341846676.894086 0.037834920 0.086261123 -0.256224811 0.017013134 -0.000369634 0.074769378 0.997055650
1341846676.926062 0.053986579 0.089550003 -0.252548248 0.016766010 -0.001432777 0.074063368 0.997111559
1341846676.958080 0.051128831 0.084583588 -0.253720373 0.016470112 0.001111175 0.073513500 0.997157574
1341846676.994140 0.049136702 0.083662063 -0.257387906 0.017618446 -0.000059339 0.074445970 0.997069418
1341846677.026242 0.058513556 0.089997426 -0.257182330 0.018582122 -0.001867534 0.074465513 0.997048676
1341846677.094244 0.058801655 0.088513479 -0.257662266 0.016252268 -0.002335494 0.073299423 0.997174799
1341846677.126108 0.068684451 0.079895467 -0.257265002 0.016788561 -0.004817060 0.074831836 0.997043192
1341846677.162066 0.069870248 0.086369805 -0.260843366 0.019600105 -0.004264106 0.074607879 0.997011185
1341846677.194068 0.068529479 0.089542486 -0.261590689 0.018979957 -0.004973921 0.074685320 0.997014105
1341846677.226206 0.080432855 0.081830464 -0.258988082 0.017498765 -0.005828937 0.074555457 0.997046292
1341846677.262033 0.082801104 0.076349512 -0.259089857 0.019560946 -0.003292823 0.074444801 0.997027814
1341846677.294125 0.076119207 0.084453702 -0.263802767 0.021745980 -0.003601410 0.075209014 0.996924162
1341846677.326503 0.088928998 0.088821568 -0.260448128 0.020639110 -0.004778222 0.074242838 0.997015178
1341846677.362194 0.090699136 0.078263924 -0.258761257 0.019710047 -0.001903695 0.074108101 0.997053623
1341846677.394280 0.087985583 0.079700977 -0.262735605 0.021292608 -0.001393184 0.075276397 0.996934414
1341846677.430058 0.097182423 0.082719661 -0.262104064 0.021806037 -0.001219621 0.074287541 0.996997714
1341846677.468326 0.098953567 0.078092098 -0.258938909 0.022139568 0.001581594 0.073547982 0.997044683
1341846677.530161 0.104459301 0.077371888 -0.260066450 0.026496537 0.003889473 0.072170570 0.997032702
1341846677.562051 0.104807407 0.076663233 -0.261376828 0.027574155 0.006992193 0.070822760 0.997083187
1341846677.594105 0.102757752 0.077455081 -0.265764654 0.027976144 0.008273893 0.070331216 0.997097015
1341846677.630227 0.107647866 0.075432889 -0.261531383 0.028365131 0.008451360 0.069304727 0.997156382
1341846677.662033 0.105841212 0.076367714 -0.263137132 0.029350664 0.010186501 0.069149971 0.997122407
1341846677.730320 0.110436127 0.078483559 -0.262310237 0.028992530 0.009610582 0.069195516 0.997135460
1341846677.763691 0.108646296 0.074881889 -0.261640757 0.029822385 0.010924932 0.069327228 0.997088253
1341846677.798630 0.105471455 0.082851440 -0.262421578 0.030749142 0.009650071 0.069053121 0.997092307
1341846677.830104 0.114134952 0.077442512 -0.260149568 0.029679609 0.009244025 0.067503691 0.997234643
1341846677.862185 0.115516163 0.068794541 -0.256015122 0.031434350 0.011343078 0.066612430 0.997219145
1341846677.898344 0.111701995 0.068813927 -0.258935750 0.034829665 0.011494174 0.067244217 0.997062206
1341846677.930181 0.120544069 0.071281187 -0.262203097 0.037078831 0.010886651 0.066368394 0.997046590
1341846677.966256 0.125845104 0.062991902 -0.261708826 0.038786668 0.012417596 0.065599576 0.997014582
1341846677.998516 0.116091684 0.059316628 -0.265052080 0.043167528 0.013017920 0.066484451 0.996768236
1341846678.030368 0.119311549 0.062051073 -0.267868280 0.046556495 0.010571723 0.067285098 0.996590912
1341846678.066187 0.127038509 0.060982417 -0.269506127 0.048091810 0.011151338 0.066157021 0.996587217
1341846678.098076 0.115503110 0.055842236 -0.273283571 0.049329571 0.012469725 0.066212177 0.996507466
1341846678.134082 0.118312381 0.056007057 -0.272361934 0.051155750 0.009102904 0.066959493 0.996401846
1341846678.166092 0.128745407 0.057304345 -0.273227006 0.052315131 0.008686298 0.066336289 0.996387064
1341846678.204293 0.121408813 0.052184712 -0.277569830 0.053388264 0.010046573 0.066743948 0.996290147
1341846678.266209 0.125632361 0.051201403 -0.276960611 0.057311773 0.006509227 0.067038044 0.996081769
1341846678.298316 0.121477254 0.053977355 -0.281416535 0.058184423 0.005761531 0.067113295 0.996030688
1341846678.334135 0.124153093 0.050947621 -0.280304372 0.057762813 0.003487096 0.066937469 0.996077657
1341846678.366593 0.130364105 0.046361640 -0.277769089 0.058695830 0.003304732 0.066900849 0.996026218
1341846678.402292 0.127624214 0.049382918 -0.280756742 0.060623851 0.003511435 0.067242093 0.995886981
1341846678.439991 0.133767009 0.047327463 -0.283724278 0.061119452 0.003068628 0.067328118 0.995852351
