1341845688.560000 0.000000000 0.000000000 0.000000000 0.000000000 0.000000000 0.000000000 1.000000000
1341845688.590000 -0.007144864 -0.003995754 -0.004314764 0.000400798 -0.002013946 0.002662567 0.999994338
1341845688.630000 -0.010010829 0.000986619 -0.006650601 0.002438937 -0.006763835 0.006574126 0.999952555
1341845688.660000 -0.011981656 -0.004860994 -0.010650165 0.003351436 -0.011865076 0.012001430 0.999851942
1341845688.700000 -0.016537575 -0.009087953 -0.013108709 0.006068789 -0.016814386 0.018076355 0.999676824
1341845688.730000 -0.018111037 -0.009142709 -0.020448785 0.009947697 -0.022894684 0.020429231 0.999479592
1341845688.760000 -0.008859379 -0.004509958 -0.020533262 0.012921297 -0.027059315 0.020343389 0.999343276
1341845688.800000 -0.001735768 0.001474180 -0.023933491 0.014989248 -0.027114803 0.020041531 0.999318957
1341845688.830000 -0.003322911 0.006236748 -0.025141008 0.015493346 -0.024795346 0.018186433 0.999406993
1341845688.870000 -0.011993806 0.005869935 -0.026718115 0.014935307 -0.023347849 0.018077768 0.999452353
1341845688.930000 -0.022868497 0.011981538 -0.036137599 0.015830848 -0.028388951 0.020333080 0.999264717
1341845688.970000 -0.018400509 0.011618638 -0.039716661 0.015394215 -0.031948563 0.019198207 0.999186516
1341845689.000000 -0.010673941 0.023046006 -0.045777153 0.015426838 -0.032652218 0.015727192 0.999223948
1341845689.030000 -0.013111059 0.028055623 -0.044009615 0.012020973 -0.029807901 0.009849652 0.999434829
1341845689.070000 -0.015608449 0.033192828 -0.045015350 0.009024863 -0.027991241 0.008172199 0.999534011
1341845689.100000 -0.016197866 0.036564790 -0.044831213 0.005723697 -0.027174443 0.010222360 0.999562025
1341845689.130000 -0.017022975 0.031904045 -0.042938523 0.002481329 -0.025966385 0.013030993 0.999574780
1341845689.170000 -0.017878298 0.040001083 -0.051041942 0.000821245 -0.025048999 0.016046531 0.999557078
1341845689.200000 -0.018390151 0.041292947 -0.052193582 -0.002566379 -0.024751166 0.018574702 0.999517739
1341845689.230000 -0.016333921 0.037927177 -0.051546533 -0.005516148 -0.024143768 0.020643054 0.999480128
1341845689.270000 -0.021068733 0.037380096 -0.053468376 -0.006764219 -0.022980699 0.022205379 0.999466419
1341845689.300000 -0.020743951 0.040886439 -0.055219255 -0.007663060 -0.023476498 0.022929687 0.999432027
1341845689.330000 -0.019445984 0.037182376 -0.054358538 -0.009387708 -0.022602672 0.022982502 0.999436259
1341845689.370000 -0.023146667 0.033941522 -0.055283844 -0.009417841 -0.021664636 0.022443332 0.999468982
1341845689.400000 -0.023141770 0.035409641 -0.056420546 -0.008015057 -0.022545489 0.022299029 0.999464929
1341845689.430000 -0.022569751 0.035473906 -0.059640683 -0.007562181 -0.023570836 0.022187775 0.999447346
1341845689.470000 -0.027191596 0.027153319 -0.058348011 -0.005757912 -0.024239702 0.021688722 0.999454319
1341845689.500000 -0.028338781 0.031833969 -0.061449394 -0.001394436 -0.027391642 0.019056896 0.999442160
1341845689.530000 -0.025746468 0.033933602 -0.060222771 0.000845248 -0.029543921 0.014284954 0.999461055
1341845689.570000 -0.025384204 0.029410277 -0.061844919 0.002563985 -0.029494427 0.010901244 0.999502242
1341845689.600000 -0.034089018 0.028217882 -0.065021679 0.005267657 -0.029990371 0.007985116 0.999504387
1341845689.630000 -0.034080982 0.033560541 -0.065917991 0.008025765 -0.032924931 0.003434678 0.999419689
1341845689.670000 -0.031522159 0.035286576 -0.067335889 0.009257744 -0.035062678 0.002297194 0.999339581
1341845689.700000 -0.035451908 0.035489403 -0.071114935 0.010262386 -0.036882743 0.002083089 0.999264717
1341845689.730000 -0.035743270 0.037024803 -0.071116619 0.010661200 -0.039559796 0.000740256 0.999160051
1341845689.770000 -0.031401761 0.037002847 -0.071694091 0.010946193 -0.041832436 -0.000618984 0.999064445
1341845689.800000 -0.039274208 0.034167100 -0.071666010 0.010727308 -0.042288609 -0.001847629 0.999046147
1341845689.830000 -0.040266063 0.034191065 -0.069178633 0.011619148 -0.045187540 -0.003052030 0.998906314
1341845689.870000 -0.036801025 0.035913326 -0.072079472 0.012698284 -0.048015233 -0.004057483 0.998757660
1341845689.900000 -0.037850127 0.036193479 -0.070543744 0.012977491 -0.049337342 -0.004004840 0.998689830
1341845689.940000 -0.038583066 0.034810558 -0.075784281 0.013750019 -0.051588126 -0.003287744 0.998568356
1341845689.970000 -0.032639015 0.036276240 -0.073360033 0.014063407 -0.053715318 -0.003157395 0.998452246
1341845690.000000 -0.035430636 0.037313182 -0.069188222 0.013958093 -0.053306706 -0.003490688 0.998474538
1341845690.040000 -0.034758743 0.034407601 -0.069299288 0.013625298 -0.053758118 -0.005079425 0.998448074
1341845690.070000 -0.033334427 0.036520753 -0.069633715 0.014394404 -0.053742465 -0.004526305 0.998440802
1341845690.110000 -0.036720209 0.036709283 -0.070579410 0.014237050 -0.053496778 -0.004319002 0.998457193
1341845690.140000 -0.031417668 0.036669824 -0.069238536 0.014043604 -0.054810490 -0.005205465 0.998384416
1341845690.170000 -0.032323841 0.037442699 -0.068937317 0.014367813 -0.054021064 -0.004361713 0.998426914
1341845690.210000 -0.031867445 0.039408442 -0.071084738 0.014085937 -0.054124974 -0.004232762 0.998425841
1341845690.240000 -0.034039881 0.036073152 -0.069118969 0.012971055 -0.054409258 -0.004644682 0.998423696
1341845690.270000 -0.036247410 0.034430355 -0.070654884 0.013425683 -0.055363648 -0.005416725 0.998361290
1341845690.310000 -0.033310950 0.037785869 -0.071043894 0.014333291 -0.056922391 -0.006197144 0.998256505
1341845690.340000 -0.033383165 0.041120205 -0.070515029 0.013994893 -0.057213102 -0.005457706 0.998248994
1341845690.370000 -0.034240559 0.038725819 -0.070008583 0.012520616 -0.057440557 -0.005349637 0.998256087
1341845690.410000 -0.031497557 0.036731783 -0.069874085 0.012392321 -0.057911802 -0.006632454 0.998222768
1341845690.440000 -0.032310549 0.039475743 -0.068140067 0.012913266 -0.057419218 -0.006498086 0.998245478
1341845690.470000 -0.035446592 0.037872564 -0.069362499 0.012651190 -0.057519946 -0.005230383 0.998250484
1341845690.510000 -0.037288845 0.035651624 -0.069295257 0.012849039 -0.058871992 -0.005824890 0.998165846
1341845690.540000 -0.029342197 0.040055934 -0.067118406 0.013800875 -0.060161207 -0.007233274 0.998067081
1341845690.570000 -0.029743679 0.041231237 -0.068009026 0.013293884 -0.058688503 -0.006218043 0.998168468
1341845690.610000 -0.032686092 0.037201658 -0.067438476 0.012547729 -0.057839401 -0.005025438 0.998234391
1341845690.640000 -0.031525869 0.037539545 -0.067088194 0.013486670 -0.058525577 -0.005482152 0.998179734
1341845690.670000 -0.025572093 0.041721266 -0.065726578 0.014108120 -0.058588494 -0.005466411 0.998167574
1341845690.710000 -0.027935486 0.036291532 -0.065705813 0.013537662 -0.056956913 -0.005867324 0.998267591
1341845690.740000 -0.027527681 0.036502328 -0.066104762 0.014430663 -0.056508437 -0.006690677 0.998275399
1341845690.770000 -0.024810828 0.038148779 -0.065277785 0.014941623 -0.056131605 -0.006093813 0.998292983
1341845690.810000 -0.025355404 0.037089128 -0.065272085 0.015179854 -0.055117305 -0.005529700 0.998349190
1341845690.840000 -0.024399055 0.036313247 -0.065309867 0.015265550 -0.054577518 -0.005115367 0.998379767
1341845690.870000 -0.024238940 0.039324060 -0.065675728 0.015382200 -0.053861182 -0.005274415 0.998416007
1341845690.910000 -0.024537830 0.037151117 -0.064920023 0.014640207 -0.052998893 -0.004522472 0.998476982
1341845690.940000 -0.024787212 0.037631933 -0.065198056 0.014532012 -0.052824203 -0.004414690 0.998488307
1341845690.970000 -0.022011567 0.037810452 -0.064257942 0.014591383 -0.052795202 -0.004229668 0.998489797
1341845691.010000 -0.022761341 0.037692349 -0.065789156 0.014338901 -0.051818352 -0.003084422 0.998548806
1341845691.080000 -0.023622757 0.036730893 -0.064987458 0.014763896 -0.051690385 -0.004672383 0.998543084
1341845691.110000 -0.019687571 0.037207093 -0.063479006 0.015385131 -0.051574018 -0.004814544 0.998539031
1341845691.140000 -0.021843472 0.035117999 -0.063843079 0.015552049 -0.050097525 -0.004631339 0.998612523
1341845691.180000 -0.024055360 0.036357820 -0.066024184 0.016430855 -0.050151564 -0.005667116 0.998590350
1341845691.210000 -0.018901598 0.039968677 -0.064993314 0.017067349 -0.051052302 -0.006957352 0.998525918
1341845691.240000 -0.018307863 0.037902422 -0.064172111 0.016583133 -0.049776733 -0.007037307 0.998597860
1341845691.280000 -0.025574189 0.033809923 -0.068813428 0.016824314 -0.048780493 -0.006569143 0.998646200
1341845691.310000 -0.021998623 0.039643474 -0.067857705 0.018190356 -0.051374149 -0.007532652 0.998485386
1341845691.350000 -0.015686583 0.036129601 -0.066986240 0.017494190 -0.051541444 -0.008399446 0.998482287
1341845691.380000 -0.016889727 0.036832605 -0.066202536 0.018092327 -0.049315616 -0.009551070 0.998573661
1341845691.450000 -0.015222505 0.043383494 -0.067043312 0.019500414 -0.049226534 -0.010640009 0.998540580
1341845691.510000 -0.020171497 0.035433386 -0.068241693 0.017603466 -0.046826426 -0.010965510 0.998687685
1341845691.550000 -0.017714571 0.041026097 -0.068625636 0.018618641 -0.047645614 -0.012509014 0.998612404
1341845691.580000 -0.013600702 0.040713571 -0.066484973 0.017530991 -0.047047313 -0.014648627 0.998631358
1341845691.610000 -0.008497869 0.036754146 -0.067018270 0.017017825 -0.044693444 -0.018262289 0.998688817
1341845691.650000 -0.013202963 0.036517356 -0.065116964 0.018403288 -0.040924903 -0.021525998 0.998760760
1341845691.680000 -0.016327851 0.041579243 -0.065844879 0.020217555 -0.040579956 -0.019327093 0.998784721
1341845691.710000 -0.019279763 0.038405910 -0.067521386 0.020025400 -0.041775830 -0.017007509 0.998781502
1341845691.750000 -0.009143477 0.041587051 -0.066616058 0.020870194 -0.043254178 -0.017862981 0.998686373
1341845691.780000 -0.009348376 0.044351734 -0.066135220 0.020013137 -0.040676270 -0.019416435 0.998783231
1341845691.810000 -0.015258806 0.040725991 -0.065128006 0.018321168 -0.038596317 -0.018057499 0.998923719
1341845691.850000 -0.017029652 0.040452126 -0.066789635 0.018473949 -0.039494548 -0.017007466 0.998904228
1341845691.880000 -0.011014551 0.042296518 -0.064373575 0.018960621 -0.041283499 -0.018349977 0.998798966
1341845691.910000 -0.008306704 0.042234212 -0.064161681 0.019013701 -0.040612511 -0.017887089 0.998833895
1341845691.950000 -0.018408593 0.039777543 -0.064229116 0.019329693 -0.039912101 -0.015768534 0.998891771
1341845691.980000 -0.023705140 0.037949335 -0.066771962 0.021066660 -0.043804217 -0.013829943 0.998722255
1341845692.010000 -0.014789728 0.040750474 -0.064925641 0.023327610 -0.048816245 -0.011856655 0.998464942
1341845692.050000 -0.012670356 0.041164313 -0.065096930 0.023727911 -0.049898520 -0.010685810 0.998415232
1341845692.080000 -0.012198694 0.039679360 -0.065649219 0.024099147 -0.050706882 -0.009967769 0.998373032
1341845692.110000 -0.008598398 0.042207908 -0.065425538 0.024950502 -0.052387390 -0.010467091 0.998260200
1341845692.150000 -0.003206704 0.041473702 -0.065080628 0.024511181 -0.052377928 -0.010934884 0.998266578
1341845692.180000 -0.004232688 0.037003759 -0.066024765 0.024821442 -0.051295441 -0.010712314 0.998317540
1341845692.210000 -0.004255744 0.041495409 -0.066695631 0.026482673 -0.051736251 -0.009684665 0.998262644
1341845692.250000 -0.001015525 0.042128742 -0.066008940 0.026352873 -0.052052058 -0.009753968 0.998248935
1341845692.280000 -0.001725580 0.039551180 -0.067521773 0.025417315 -0.051069502 -0.010580119 0.998315573
1341845692.320000 -0.004993274 0.039262421 -0.069659635 0.025124757 -0.051259853 -0.010898238 0.998309791
1341845692.350000 -0.004950754 0.035978407 -0.068833865 0.025206178 -0.052490283 -0.011182621 0.998240650
1341845692.380000 0.000297444 0.035080601 -0.070171319 0.026292991 -0.053215500 -0.012163993 0.998162746
1341845692.420000 -0.000266426 0.036986329 -0.070837773 0.027525252 -0.052668095 -0.013197204 0.998145401
1341845692.450000 -0.001301422 0.036852717 -0.069633812 0.028134214 -0.052580532 -0.014136349 0.998120189
1341845692.480000 -0.001190950 0.035476234 -0.071964599 0.028966974 -0.053026523 -0.015142114 0.998058021
1341845692.520000 -0.002481080 0.033662699 -0.071386874 0.029943483 -0.053121872 -0.015311677 0.998021543
1341845692.550000 -0.001328598 0.033525936 -0.076359145 0.031236300 -0.053228810 -0.015987977 0.997965634
1341845692.590000 0.000424067 0.035828903 -0.076747984 0.031804353 -0.053536337 -0.016550632 0.997922063
1341845692.620000 0.001554345 0.033053737 -0.076195724 0.031825457 -0.052724533 -0.016529268 0.997964978
1341845692.650000 -0.001794469 0.034585960 -0.078944266 0.032730967 -0.052205227 -0.015811330 0.997974575
1341845692.690000 -0.004476310 0.035240844 -0.078898519 0.033114493 -0.052920356 -0.016034907 0.997920692
1341845692.720000 0.001110522 0.035617013 -0.079838090 0.033367883 -0.053350430 -0.016230432 0.997886240
1341845692.750000 -0.000093324 0.035853785 -0.079665296 0.033652630 -0.051724415 -0.015471719 0.997974277
1341845692.790000 -0.008030251 0.031923428 -0.082619891 0.033878539 -0.051305138 -0.016898915 0.997965157
1341845692.820000 -0.003805476 0.032102697 -0.083184451 0.034985099 -0.052761592 -0.019918712 0.997795343
1341845692.850000 -0.000452798 0.032599434 -0.080657504 0.036066260 -0.051768385 -0.021451632 0.997777045
1341845692.890000 -0.005085627 0.032734532 -0.083817989 0.037688803 -0.050972309 -0.022026401 0.997745574
1341845692.920000 -0.003481524 0.035022207 -0.083955958 0.038956124 -0.051948313 -0.022713820 0.997631133
1341845692.950000 0.001118409 0.034894928 -0.084999971 0.039816488 -0.051890042 -0.023201631 0.997588992
1341845692.990000 -0.002240865 0.034476776 -0.086451530 0.040862642 -0.050930452 -0.022943947 0.997602046
1341845693.020000 0.000264771 0.038899433 -0.087110363 0.041494627 -0.051432341 -0.023151189 0.997545481
1341845693.050000 -0.001202888 0.036225446 -0.083798252 0.041065231 -0.050592653 -0.023349244 0.997601509
1341845693.090000 -0.004776563 0.033753414 -0.087638944 0.041630089 -0.050071746 -0.022784673 0.997617483
1341845693.120000 -0.006170306 0.037861533 -0.088271923 0.042384513 -0.050916895 -0.020487975 0.997592747
1341845693.150000 -0.003269271 0.039239407 -0.089367755 0.041623469 -0.052229363 -0.021225009 0.997541487
1341845693.190000 -0.000823746 0.035692286 -0.087759912 0.040332463 -0.050747979 -0.022296669 0.997647643
1341845693.220000 -0.006132180 0.036997251 -0.090588622 0.040648486 -0.049650174 -0.019682012 0.997745037
1341845693.250000 -0.011177147 0.035866316 -0.091000400 0.041090902 -0.051984131 -0.018343791 0.997633517
1341845693.290000 0.001302017 0.037533313 -0.089117937 0.041360822 -0.054047775 -0.018655054 0.997506917
1341845693.320000 0.010996586 0.039112605 -0.086606838 0.041024081 -0.050736755 -0.018580575 0.997696102
1341845693.350000 0.004147850 0.037165500 -0.085888654 0.040917207 -0.046576831 -0.017225107 0.997927666
1341845693.420000 0.005703976 0.037275955 -0.087852724 0.041399442 -0.043719843 -0.018010171 0.998023152
1341845693.450000 0.004476647 0.036746696 -0.086696848 0.041546080 -0.041881293 -0.020195527 0.998054087
1341845693.490000 0.003037181 0.033294037 -0.085964024 0.042185571 -0.040133134 -0.020784995 0.998086989
1341845693.520000 -0.003137731 0.030996181 -0.088228188 0.043816444 -0.040040292 -0.020489920 0.998026609
1341845693.560000 -0.001574491 0.033307023 -0.087375388 0.045911126 -0.041673206 -0.021422351 0.997845948
1341845693.590000 0.001550699 0.035409298 -0.086688302 0.047030985 -0.042528816 -0.022708178 0.997729242
1341845693.620000 0.004199693 0.037149150 -0.085725322 0.047437362 -0.041953232 -0.023053376 0.997726500
1341845693.690000 0.004596055 0.041337438 -0.084304795 0.046873309 -0.040769923 -0.021628058 0.997834086
1341845693.720000 0.006872195 0.044817969 -0.082921758 0.045078021 -0.039563503 -0.022765521 0.997940063
1341845693.760000 0.002526691 0.041927926 -0.084245384 0.042921763 -0.038150985 -0.023133714 0.998081684
1341845693.790000 0.001208981 0.043569285 -0.085192516 0.042326562 -0.038970411 -0.021958174 0.998102009
1341845693.830000 0.003909849 0.045159344 -0.084098399 0.040939171 -0.039647553 -0.022117654 0.998129666
1341845693.860000 0.003316286 0.040148199 -0.083649583 0.039532047 -0.039490193 -0.021246539 0.998211563
1341845693.890000 0.003702496 0.042165749 -0.083523445 0.040330317 -0.039323591 -0.019850595 0.998214960
1341845693.930000 0.003298153 0.043705162 -0.082657613 0.039875839 -0.038998295 -0.018388163 0.998273969
1341845693.960000 0.003253493 0.040429994 -0.084129892 0.040055301 -0.038521934 -0.017621994 0.998299062
1341845693.990000 0.005958461 0.040469427 -0.085015386 0.040853020 -0.037834752 -0.017794006 0.998290002
1341845694.030000 0.005588369 0.042368703 -0.082522735 0.041565292 -0.036348410 -0.018557541 0.998301923
1341845694.060000 0.003441888 0.039634563 -0.083470218 0.041823253 -0.035268888 -0.018990351 0.998321712
1341845694.090000 0.001719713 0.039404627 -0.082019530 0.043398764 -0.035097741 -0.018506689 0.998269618
1341845694.130000 0.003154397 0.038417608 -0.084453546 0.044575021 -0.035499051 -0.018662263 0.998200655
1341845694.160000 0.005584815 0.040207136 -0.082857475 0.045447435 -0.035207059 -0.019191103 0.998161614
1341845694.190000 0.003887461 0.036689091 -0.084488384 0.045834474 -0.034509700 -0.019240221 0.998167396
1341845694.230000 0.005322728 0.037258472 -0.085656084 0.047230732 -0.034834314 -0.019135714 0.998093009
1341845694.260000 0.006495454 0.039275400 -0.083989590 0.048025936 -0.034666251 -0.018142166 0.998079479
1341845694.290000 0.003059081 0.037221584 -0.084800400 0.048249766 -0.034218136 -0.016910123 0.998105764
1341845694.330000 0.001963167 0.034852348 -0.085169695 0.049248382 -0.035769481 -0.014748668 0.998036861
1341845694.360000 0.001420857 0.037994646 -0.086238883 0.051135801 -0.037931848 -0.012841778 0.997888446
1341845694.390000 0.003162343 0.038754608 -0.087165914 0.052062593 -0.040025730 -0.012602041 0.997761786
1341845694.430000 0.004391466 0.040788900 -0.087910719 0.052217279 -0.041663133 -0.012562346 0.997687161
1341845694.460000 0.005681888 0.042006135 -0.087906078 0.052121423 -0.043096848 -0.012790588 0.997628391
1341845694.490000 0.008554573 0.045608051 -0.085509494 0.051246066 -0.043289337 -0.014253067 0.997645617
1341845694.530000 0.005339597 0.043605831 -0.085955568 0.049736086 -0.042435288 -0.015641410 0.997737885
1341845694.560000 0.002630803 0.039815187 -0.086273901 0.049132984 -0.043264873 -0.015330522 0.997736931
1341845694.600000 0.004126715 0.039795153 -0.087123685 0.050038040 -0.044905424 -0.014425499 0.997632980
1341845694.630000 0.003243392 0.036856458 -0.087713741 0.050939124 -0.046637006 -0.013241963 0.997524381
1341845694.660000 0.012126355 0.039769392 -0.084701203 0.052916866 -0.048490245 -0.011823797 0.997350872
1341845694.690000 0.025552072 0.045591909 -0.086470582 0.052977655 -0.046164650 -0.010336908 0.997474492
1341845694.740000 0.025320897 0.045111533 -0.083789803 0.051158700 -0.039022084 -0.009513643 0.997882545
1341845694.770000 0.025356971 0.047733814 -0.080568820 0.049649790 -0.033436060 -0.008029404 0.998174548
1341845694.800000 0.025951892 0.046585880 -0.080059476 0.047576103 -0.028281083 -0.006495148 0.998446047
1341845694.840000 0.020016044 0.044954170 -0.083197050 0.046413802 -0.023434086 -0.005793469 0.998630583
1341845694.870000 0.021584302 0.048967503 -0.080857910 0.046310712 -0.021008285 -0.004923171 0.998694003
1341845694.900000 0.021113740 0.047513124 -0.077842139 0.044447612 -0.018371800 -0.004472000 0.998832762
1341845694.940000 0.020739373 0.043368783 -0.076428339 0.043685131 -0.016505377 -0.003660497 0.998902321
1341845694.970000 0.021566134 0.043502886 -0.075541086 0.044211145 -0.015365220 -0.002561829 0.998900771
1341845695.000000 0.028201690 0.045087844 -0.074295551 0.044483211 -0.014314982 -0.001192340 0.998906851
1341845695.040000 0.031648759 0.044167228 -0.072436191 0.044206090 -0.011419300 -0.000927495 0.998956740
1341845695.070000 0.025940586 0.043753844 -0.071094133 0.044321027 -0.009047609 -0.000356217 0.998976290
1341845695.100000 0.020127079 0.043104365 -0.071201436 0.044558994 -0.009843840 0.000115254 0.998958230
1341845695.140000 0.017518979 0.038255118 -0.070107676 0.044968702 -0.012764132 0.000103924 0.998906851
1341845695.170000 0.008987542 0.035386935 -0.071494684 0.047529798 -0.017327385 0.000162522 0.998719513
1341845695.200000 0.004700720 0.033266254 -0.075436480 0.050016038 -0.024251400 0.000530909 0.998453796
1341845695.240000 0.007384960 0.031694230 -0.076564446 0.053446628 -0.032170303 0.000632800 0.998052180
1341845695.270000 0.014223745 0.034967050 -0.076392002 0.056733284 -0.038736075 0.000182933 0.997637570
1341845695.300000 0.019768802 0.038421415 -0.078880295 0.058773525 -0.043602571 -0.000586326 0.997318506
1341845695.340000 0.018890588 0.039103232 -0.078851059 0.059427839 -0.046656050 -0.003038849 0.997137070
1341845695.370000 0.019117463 0.039358839 -0.083161548 0.059782993 -0.049583212 -0.006154630 0.996960163
1341845695.400000 0.018162245 0.036960479 -0.083437473 0.059862595 -0.052344959 -0.008425255 0.996797621
1341845695.440000 0.013697194 0.034513935 -0.085953258 0.060926083 -0.055355247 -0.009310831 0.996562660
1341845695.470000 0.012366681 0.036890093 -0.086909227 0.062757015 -0.059164859 -0.009233650 0.996230781
1341845695.500000 0.014567236 0.039063852 -0.090098813 0.062820122 -0.062820137 -0.009881292 0.995996773
1341845695.540000 0.017106460 0.037158839 -0.087418064 0.062389977 -0.065582357 -0.011244077 0.995831311
1341845695.600000 0.018957544 0.037506834 -0.087730303 0.062997870 -0.068223067 -0.013682866 0.995585084
1341845695.670000 0.018129069 0.039508265 -0.086420506 0.062688589 -0.071061097 -0.014694091 0.995391607
1341845695.700000 0.019283744 0.039986003 -0.087842599 0.062716410 -0.072427303 -0.014127783 0.995299637
1341845695.730000 0.021920064 0.038668450 -0.086394101 0.062232051 -0.073511481 -0.013093339 0.995264649
1341845695.770000 0.023357544 0.041491959 -0.085977480 0.062140517 -0.073968165 -0.012409170 0.995245337
1341845695.800000 0.021077702 0.042576399 -0.087410025 0.060939193 -0.073161058 -0.012670208 0.995375991
1341845695.830000 0.022105547 0.040766012 -0.087991253 0.059812713 -0.073236987 -0.011709379 0.995450497
1341845695.870000 0.022659088 0.039551444 -0.088623144 0.059369262 -0.072867252 -0.010697323 0.995515525
1341845695.900000 0.021595331 0.043907445 -0.090388380 0.058918156 -0.072585337 -0.010042138 0.995569766
1341845695.930000 0.022437243 0.042601418 -0.088133395 0.057241712 -0.072775044 -0.009533340 0.995658696
1341845695.970000 0.024392247 0.041647635 -0.086701222 0.056440927 -0.072375439 -0.008892367 0.995739460
1341845696.000000 0.024550175 0.041709624 -0.085848182 0.055712391 -0.071434833 -0.008224119 0.995854199
1341845696.040000 0.024651261 0.043371178 -0.084359780 0.055078406 -0.070788629 -0.006647697 0.995947361
1341845696.070000 0.020881161 0.042168718 -0.083985724 0.053855039 -0.070447952 -0.004652300 0.996049702
1341845696.100000 0.019907899 0.039917901 -0.083225928 0.053589121 -0.071143381 -0.003090794 0.996020734
1341845696.140000 0.023326274 0.042830881 -0.084322102 0.053362247 -0.071857505 -0.002487867 0.995983303
1341845696.170000 0.022523493 0.041776545 -0.083816700 0.052490097 -0.072173014 -0.002768249 0.996006131
1341845696.200000 0.023533259 0.043977760 -0.084824830 0.051909376 -0.072391115 -0.003655845 0.996017873
1341845696.240000 0.020987369 0.045913585 -0.084959462 0.050462209 -0.071909867 -0.004801516 0.996122241
1341845696.270000 0.020241901 0.043321006 -0.087031730 0.048794307 -0.072500341 -0.005170817 0.996160626
1341845696.310000 0.021981694 0.041743360 -0.085884467 0.048229303 -0.073716722 -0.004487073 0.996102214
1341845696.340000 0.023350580 0.041510001 -0.085302100 0.047896903 -0.074431211 -0.003333028 0.996069670
1341845696.370000 0.024172435 0.044562649 -0.085425153 0.048002418 -0.075262204 -0.002532147 0.996004522
1341845696.410000 0.026284223 0.046925634 -0.086209051 0.046951391 -0.075920135 -0.002439458 0.996004879
1341845696.440000 0.027291544 0.046116121 -0.084477350 0.045121022 -0.076202691 -0.002214898 0.996068418
1341845696.470000 0.029019412 0.046469845 -0.083712965 0.043875068 -0.075677790 -0.002526622 0.996163368
1341845696.510000 0.026950965 0.045630772 -0.082556680 0.042025115 -0.074616410 -0.002290946 0.996323764
1341845696.540000 0.024551008 0.043091565 -0.083877355 0.041000571 -0.074318096 -0.001224032 0.996390641
1341845696.570000 0.023798946 0.043744523 -0.084318303 0.040852092 -0.075026795 -0.000380503 0.996344268
1341845696.610000 0.024067011 0.043571223 -0.085102372 0.040596806 -0.075766392 -0.000500783 0.996298671
1341845696.650000 0.024883777 0.044201817 -0.086906902 0.040143330 -0.076232359 -0.000121597 0.996281624
1341845696.710000 0.029865200 0.045930486 -0.086464740 0.037978761 -0.076032370 0.000338102 0.996381760
1341845696.740000 0.030396268 0.043913409 -0.085914098 0.037156560 -0.074838273 0.000419987 0.996503115
1341845696.770000 0.028788991 0.046011750 -0.083658203 0.037144817 -0.073674522 0.001151371 0.996589661
1341845696.810000 0.029497495 0.049386937 -0.082403705 0.036344580 -0.073575906 0.002460184 0.996624112
1341845696.840000 0.026768520 0.045489259 -0.077492289 0.035398435 -0.072781071 0.002826244 0.996715546
1341845696.870000 0.028197031 0.049223606 -0.076761432 0.035199996 -0.071775168 0.003262990 0.996794164
1341845696.910000 0.027598599 0.047862086 -0.077099800 0.033685058 -0.070955358 0.003609966 0.996904016
1341845696.940000 0.029788475 0.051566619 -0.078056142 0.032823302 -0.070459753 0.005030164 0.996961772
1341845696.970000 0.028090997 0.048282243 -0.078934141 0.031502370 -0.069843210 0.007035180 0.997035623
1341845697.010000 0.031005250 0.051343191 -0.080071889 0.030957261 -0.070042029 0.007939583 0.997031927
1341845697.040000 0.031062676 0.047119681 -0.079367548 0.029210174 -0.068724886 0.006732201 0.997185171
1341845697.070000 0.032202613 0.046165183 -0.077861980 0.029267425 -0.067733727 0.006068514 0.997255564
1341845697.110000 0.031115368 0.048444778 -0.077960551 0.029924294 -0.066975608 0.005646861 0.997289777
1341845697.140000 0.031781159 0.049752459 -0.076798908 0.029378338 -0.066812731 0.005954180 0.997315109
1341845697.170000 0.030957222 0.048282102 -0.075300343 0.029214688 -0.066504516 0.006254152 0.997338712
1341845697.210000 0.031594761 0.048692871 -0.076662816 0.029623229 -0.066387065 0.006765974 0.997331142
1341845697.240000 0.032280877 0.050307583 -0.075557351 0.029373102 -0.066096559 0.007238509 0.997354507
1341845697.280000 0.031515401 0.050115831 -0.075380042 0.028954940 -0.065690957 0.007526329 0.997391403
1341845697.310000 0.030484635 0.049505588 -0.077639602 0.028790507 -0.065775260 0.007623467 0.997389913
1341845697.340000 0.031639766 0.049935065 -0.075561956 0.028669879 -0.066324353 0.007468328 0.997358203
1341845697.380000 0.031448130 0.047871608 -0.075496949 0.028672585 -0.066273406 0.007137371 0.997363925
1341845697.410000 0.032681666 0.049686201 -0.076123416 0.028744135 -0.066077866 0.006908120 0.997376442
1341845697.440000 0.031400483 0.046597339 -0.075109400 0.028348409 -0.065678596 0.006809897 0.997414827
1341845697.480000 0.031341843 0.048924986 -0.074177898 0.029675033 -0.065986671 0.006803138 0.997355938
1341845697.510000 0.032025903 0.050660752 -0.074230127 0.029927181 -0.066050321 0.006396365 0.997346878
1341845697.550000 0.030265346 0.049459890 -0.074859381 0.029743738 -0.066064887 0.005989558 0.997353911
1341845697.580000 0.031607263 0.049278155 -0.073826298 0.030302459 -0.067174360 0.006914649 0.997256994
1341845697.610000 0.032420136 0.051161218 -0.075382128 0.030672787 -0.067840941 0.007231207 0.997198343
1341845697.650000 0.032986145 0.050540380 -0.074764915 0.030003499 -0.068349361 0.007517993 0.997181833
1341845697.680000 0.034275517 0.049825214 -0.074436627 0.029654359 -0.068428881 0.007656112 0.997185767
1341845697.710000 0.033257555 0.051256642 -0.074535348 0.029347504 -0.068050697 0.007689471 0.997220516
1341845697.750000 0.032388691 0.049964033 -0.074154541 0.028703811 -0.068245538 0.008148373 0.997222245
1341845697.780000 0.034172293 0.052433118 -0.072947986 0.028885428 -0.068872504 0.008673870 0.997169495
1341845697.810000 0.034879621 0.051670462 -0.073380768 0.028017741 -0.068888701 0.008437037 0.997195184
1341845697.850000 0.034649715 0.053664993 -0.073832072 0.026986079 -0.068305075 0.008113638 0.997266471
1341845697.880000 0.031899329 0.051362038 -0.074491359 0.025682827 -0.068047471 0.008218147 0.997317612
1341845697.910000 0.034057491 0.052285057 -0.074719176 0.025554616 -0.068571724 0.008000825 0.997286737
1341845697.950000 0.033118911 0.052439500 -0.074052431 0.024977466 -0.068365321 0.006994360 0.997323096
1341845697.980000 0.033449493 0.050856307 -0.073624432 0.024443058 -0.068400942 0.006701389 0.997335911
1341845698.010000 0.035467364 0.050228886 -0.071844563 0.024527913 -0.068560317 0.006453823 0.997324526
1341845698.050000 0.033225015 0.050185166 -0.074132346 0.024879027 -0.068157583 0.006007346 0.997346222
1341845698.080000 0.031086288 0.051271815 -0.074373990 0.024815263 -0.068477437 0.006040561 0.997325718
1341845698.110000 0.034060843 0.049579356 -0.074076332 0.024812018 -0.069414437 0.005941920 0.997261584
1341845698.150000 0.034214355 0.050650921 -0.072804816 0.025334978 -0.069717772 0.005666285 0.997228861
1341845698.180000 0.033638179 0.051855784 -0.073919669 0.025476592 -0.069622740 0.004807347 0.997236431
1341845698.210000 0.031336356 0.047302909 -0.075725123 0.025124719 -0.070101701 0.004806334 0.997211814
1341845698.250000 0.034847680 0.053401191 -0.075273216 0.026627999 -0.071761437 0.004754010 0.997054994
1341845698.280000 0.034438845 0.054272931 -0.075199679 0.025487235 -0.072012566 0.004245501 0.997069001
1341845698.310000 0.036170006 0.049718909 -0.074492790 0.024715021 -0.072381318 0.003488982 0.997064650
1341845698.350000 0.034835480 0.051457409 -0.072666615 0.025252836 -0.072186626 0.002841447 0.997067332
1341845698.380000 0.033693824 0.050372541 -0.076487906 0.025034331 -0.072524332 0.002845607 0.997048318
1341845698.410000 0.032473378 0.049963150 -0.076316699 0.025371684 -0.073711194 0.003407694 0.996951044
1341845698.450000 0.033828631 0.052014306 -0.075374804 0.026066734 -0.075406484 0.004242323 0.996803105
1341845698.480000 0.034167450 0.053325225 -0.075416490 0.026142735 -0.076637372 0.003922937 0.996708512
1341845698.520000 0.034632176 0.051422749 -0.075554900 0.025932262 -0.077353321 0.003239613 0.996661186
1341845698.550000 0.034735218 0.050492182 -0.075607374 0.026521361 -0.078020759 0.001888837 0.996597111
1341845698.580000 0.035401423 0.051157378 -0.074837685 0.027297160 -0.078735717 0.000384294 0.996521652
1341845698.620000 0.035897054 0.051866300 -0.074860014 0.027707281 -0.079043560 -0.000252797 0.996486008
1341845698.650000 0.036129441 0.049429853 -0.074499980 0.027868845 -0.079474419 -0.000415247 0.996447206
1341845698.690000 0.037509426 0.051827375 -0.074359588 0.029277803 -0.079879142 -0.000622483 0.996374309
1341845698.720000 0.037014596 0.054333903 -0.075048178 0.029214291 -0.079607107 -0.000893640 0.996397734
1341845698.750000 0.038288187 0.052594807 -0.074174456 0.028557958 -0.079564638 -0.000422597 0.996420443
1341845698.790000 0.037612464 0.054465361 -0.075142086 0.028663708 -0.079400681 0.000166174 0.996430576
1341845698.820000 0.038144566 0.054945547 -0.075955570 0.028070498 -0.079303443 -0.000241093 0.996455193
1341845698.850000 0.037223008 0.054066233 -0.075007483 0.026989145 -0.079203807 -0.000555600 0.996492863
1341845698.890000 0.037316691 0.052479189 -0.074435994 0.026531352 -0.079289936 -0.000641549 0.996498287
1341845698.920000 0.039294787 0.054358441 -0.075363472 0.025990283 -0.079289064 -0.001054021 0.996512234
1341845698.950000 0.038895085 0.051879171 -0.075652033 0.024979105 -0.078673445 -0.001162740 0.996586800
1341845698.990000 0.038078114 0.053560883 -0.076391451 0.024729230 -0.078428887 -0.001211861 0.996612191
1341845699.020000 0.037296444 0.054746103 -0.077034377 0.024018254 -0.078820810 -0.000227605 0.996599376
1341845699.050000 0.038339239 0.055710446 -0.076026604 0.022817178 -0.079226568 -0.000055758 0.996595442
1341845699.090000 0.039881501 0.058246415 -0.077234477 0.021480065 -0.079124123 -0.000166255 0.996633291
1341845699.120000 0.037830949 0.056058738 -0.077220298 0.019306256 -0.078713797 -0.000712246 0.996710062
1341845699.150000 0.039159980 0.055630308 -0.075444177 0.017860634 -0.078745969 -0.000822940 0.996734381
1341845699.190000 0.040791303 0.057930753 -0.075012408 0.017052475 -0.078393377 -0.001285835 0.996775806
1341845699.220000 0.036312912 0.055521864 -0.076670349 0.015642446 -0.077294163 -0.001396863 0.996884644
1341845699.250000 0.035863459 0.054041777 -0.074696377 0.015346608 -0.077864021 -0.000922233 0.996845424
1341845699.290000 0.034782030 0.051861636 -0.074702829 0.015979141 -0.078923486 -0.000336709 0.996752560
1341845699.320000 0.037217706 0.055787791 -0.076080158 0.017216148 -0.080262877 0.000431073 0.996624947
1341845699.350000 0.037704591 0.054677539 -0.075717293 0.016935658 -0.080984622 0.001019395 0.996570945
1341845699.390000 0.039542772 0.053977646 -0.074333198 0.017142801 -0.081320897 0.000502614 0.996540427
1341845699.420000 0.040292941 0.053637870 -0.073913030 0.017725147 -0.080974087 -0.000357093 0.996558547
1341845699.450000 0.041650116 0.056628808 -0.074617505 0.018058609 -0.080395669 -0.001601916 0.996598125
1341845699.490000 0.038702074 0.055700354 -0.072941072 0.017553335 -0.079369538 -0.001913963 0.996688902
1341845699.520000 0.037335619 0.054031178 -0.073831469 0.017536428 -0.079797193 -0.000840083 0.996656477
1341845699.560000 0.040364161 0.053724673 -0.073414065 0.018360378 -0.080648765 -0.000048373 0.996573508
1341845699.600000 0.041927673 0.054463185 -0.074094325 0.018845690 -0.080491036 -0.000013367 0.996577203
1341845699.630000 0.043910000 0.055823166 -0.073978193 0.018732933 -0.079666868 -0.000645051 0.996645331
1341845699.660000 0.041798919 0.053912241 -0.072267599 0.018358575 -0.078451775 -0.000101988 0.996748865
1341845699.700000 0.041666768 0.054305438 -0.073307633 0.019207336 -0.078260414 0.001289600 0.996747077
1341845699.730000 0.041725382 0.060083926 -0.075767554 0.018720986 -0.077823788 0.001148894 0.996790648
1341845699.790000 0.042528436 0.054487411 -0.072215423 0.016208244 -0.076945908 0.000052890 0.996903539
1341845699.820000 0.041027933 0.053339139 -0.073053829 0.016162967 -0.075967588 -0.000418775 0.996979177
1341845699.860000 0.038616788 0.053938225 -0.075180911 0.015961293 -0.075762220 -0.000443325 0.996998072
1341845699.890000 0.041691720 0.054429814 -0.071527235 0.016260412 -0.076735660 0.000199951 0.996918857
1341845699.930000 0.043564636 0.053354070 -0.073242530 0.016458604 -0.076463416 0.000150687 0.996936500
1341845699.960000 0.042161718 0.051759686 -0.072813645 0.016948866 -0.075922005 0.000352278 0.996969640
1341845699.990000 0.042393133 0.053183783 -0.069843531 0.018217893 -0.076405011 0.001651787 0.996909022
1341845700.030000 0.041750055 0.052122883 -0.070184939 0.019073173 -0.076341942 0.001796200 0.996897638
1341845700.060000 0.044898368 0.053372577 -0.070540816 0.019887196 -0.076269120 0.001064015 0.996888340
1341845700.090000 0.044419032 0.055286027 -0.069078796 0.020405723 -0.075740315 0.000174966 0.996918738
1341845700.130000 0.043719441 0.053389244 -0.069750465 0.020200068 -0.075692981 -0.000033933 0.996926546
1341845700.160000 0.044499639 0.051906377 -0.068347447 0.020624366 -0.075879365 -0.000242544 0.996903658
1341845700.190000 0.047114648 0.055613905 -0.068903610 0.021444110 -0.075522140 -0.000829869 0.996913195
1341845700.230000 0.045782633 0.052640580 -0.068641573 0.020949813 -0.074597895 -0.001087341 0.996993005
1341845700.260000 0.046752077 0.053544261 -0.069382362 0.021255407 -0.074296385 -0.000271508 0.997009635
1341845700.290000 0.047445249 0.055281658 -0.069326036 0.021438159 -0.074103437 0.000667103 0.997019887
1341845700.330000 0.046981018 0.051892519 -0.070435949 0.021122340 -0.074014328 0.001189814 0.997032762
1341845700.360000 0.050381571 0.055570267 -0.070028968 0.021775385 -0.073877871 0.001060392 0.997029006
1341845700.390000 0.049774967 0.055010494 -0.069475837 0.021183817 -0.072891966 0.000018777 0.997114837
1341845700.430000 0.047094550 0.054197665 -0.068851329 0.020819440 -0.072101094 -0.000669013 0.997179806
1341845700.460000 0.047567602 0.053627532 -0.068853974 0.020682730 -0.072010353 -0.001223722 0.997188687
1341845700.490000 0.047947057 0.054917905 -0.068977594 0.020680407 -0.071832836 -0.001600705 0.997200966
1341845700.530000 0.047923010 0.055603072 -0.067026362 0.020349078 -0.071814738 -0.001244723 0.997209609
1341845700.560000 0.048813574 0.055563599 -0.066602454 0.020133590 -0.071800321 -0.000737746 0.997215509
1341845700.630000 0.049737331 0.055912327 -0.067291901 0.019825611 -0.072057150 -0.000482295 0.997203350
1341845700.660000 0.051395815 0.058237437 -0.067156695 0.019827692 -0.071633562 -0.001272720 0.997233093
1341845700.690000 0.049279232 0.057465255 -0.066884495 0.019235725 -0.070891976 -0.002126518 0.997296274
1341845700.730000 0.048624396 0.055718791 -0.066506416 0.019074038 -0.071575575 -0.001023440 0.997252285
1341845700.770000 0.049894087 0.055706859 -0.066526614 0.019423697 -0.071899906 -0.000598976 0.997222543
1341845700.800000 0.049784876 0.055384740 -0.066886790 0.019712355 -0.071521483 -0.000901365 0.997243822
1341845700.870000 0.050927214 0.056704804 -0.064634115 0.019984337 -0.071407028 -0.001260988 0.997246265
1341845700.930000 0.049426123 0.054013051 -0.066688061 0.020736678 -0.071958154 -0.000990360 0.997191548
1341845700.960000 0.052596528 0.057991587 -0.066983253 0.021231491 -0.072164476 -0.001624560 0.997165442
1341845701.000000 0.050318107 0.056782331 -0.067840502 0.020808941 -0.071751982 -0.002052791 0.997203290
1341845701.030000 0.050582822 0.056298044 -0.066969663 0.020904655 -0.072316609 -0.002273644 0.997160017
1341845701.060000 0.049341340 0.055397559 -0.066362984 0.021093234 -0.072533190 -0.002626813 0.997139454
1341845701.100000 0.050652053 0.055710293 -0.068009615 0.021404998 -0.072924167 -0.002665641 0.997104228
1341845701.130000 0.051052563 0.056614459 -0.068480939 0.021567488 -0.072600767 -0.002269748 0.997125268
1341845701.170000 0.049022950 0.055510599 -0.068398625 0.021122944 -0.072116658 -0.002326109 0.997169793
1341845701.200000 0.048626043 0.054415237 -0.068518095 0.021559214 -0.072610177 -0.002146085 0.997125030
1341845701.230000 0.049761981 0.055609617 -0.069432542 0.021934683 -0.073020212 -0.002107770 0.997087002
1341845701.270000 0.047641195 0.052848753 -0.068564959 0.021825861 -0.073027611 -0.002494957 0.997087955
1341845701.300000 0.048554018 0.052651756 -0.068259671 0.022756733 -0.074083149 -0.002849623 0.996988297
1341845701.330000 0.052139726 0.058016788 -0.067368321 0.023417478 -0.074415736 -0.003389044 0.996946573
1341845701.370000 0.049518883 0.056140210 -0.068047635 0.022713913 -0.073742844 -0.003812980 0.997011304
1341845701.400000 0.052250315 0.057101279 -0.067583002 0.022573790 -0.073926598 -0.003995445 0.997000158
1341845701.430000 0.050748318 0.057017725 -0.065470465 0.022196896 -0.073295154 -0.003150342 0.997058272
1341845701.470000 0.050072365 0.056065671 -0.068109378 0.022250148 -0.073122658 -0.002251716 0.997072160
1341845701.500000 0.049163934 0.055858042 -0.070235223 0.021936864 -0.073037289 -0.001642339 0.997086585
1341845701.530000 0.050723016 0.057037134 -0.069728598 0.021763232 -0.073401421 -0.001874737 0.997063220
1341845701.600000 0.051344633 0.055452414 -0.071282014 0.021346975 -0.072523847 -0.002748749 0.997134387
1341845701.630000 0.050460294 0.054503728 -0.068654805 0.021820674 -0.072813392 -0.002612129 0.997103453
1341845701.670000 0.051666629 0.053898357 -0.067412563 0.022350110 -0.072895713 -0.002686824 0.997085452
1341845701.700000 0.050692976 0.053879246 -0.066769421 0.023106588 -0.072345421 -0.002999868 0.997107446
1341845701.730000 0.050890882 0.054271419 -0.069104239 0.023560934 -0.072302230 -0.003505942 0.997098267
1341845701.770000 0.052026130 0.055186462 -0.067416899 0.023757450 -0.072537638 -0.003240382 0.997077405
1341845701.800000 0.052940570 0.055367719 -0.066796556 0.023819361 -0.072413743 -0.003130165 0.997085333
1341845701.830000 0.053858776 0.054701786 -0.066340737 0.023968697 -0.072476260 -0.002870022 0.997077942
1341845701.870000 0.052684601 0.055332214 -0.067862235 0.024240421 -0.072303914 -0.002360809 0.997085214
1341845701.900000 0.054138795 0.055354338 -0.068157271 0.024057064 -0.072292581 -0.002699775 0.997089624
1341845701.930000 0.051847816 0.054132219 -0.068385340 0.023584673 -0.071555689 -0.003409305 0.997151911
1341845701.970000 0.052031618 0.055292655 -0.066763364 0.023408957 -0.071673036 -0.003350471 0.997147799
1341845702.000000 0.053823672 0.053387970 -0.066451408 0.023157133 -0.071729258 -0.003413451 0.997149467
1341845702.030000 0.053960368 0.053648740 -0.066547133 0.023533447 -0.071477614 -0.003668245 0.997157812
1341845702.100000 0.053301703 0.056808047 -0.063805692 0.024509041 -0.071750849 -0.004363428 0.997111857
1341845702.140000 0.052532446 0.054340858 -0.066152938 0.024357405 -0.072146364 -0.004200185 0.997087717
1341845702.170000 0.053637564 0.053750340 -0.063789897 0.024898989 -0.072597146 -0.004470992 0.997040510
1341845702.200000 0.054343071 0.055135325 -0.065560430 0.025252579 -0.072125405 -0.005378859 0.997061312
1341845702.240000 0.054004963 0.053234044 -0.064285740 0.025109902 -0.071627639 -0.005544271 0.997099876
1341845702.270000 0.052684877 0.054948110 -0.064501062 0.025655743 -0.071565583 -0.005815165 0.997088969
1341845702.300000 0.054898165 0.055232931 -0.065027326 0.025755599 -0.071507804 -0.006319546 0.997087419
1341845702.340000 0.051610444 0.054226868 -0.067054361 0.025222547 -0.070423223 -0.006576228 0.997176588
1341845702.370000 0.052197985 0.054739676 -0.066297546 0.025207527 -0.071049102 -0.006336695 0.997134149
1341845702.410000 0.054966152 0.054962311 -0.066004664 0.025243158 -0.071459711 -0.005909052 0.997106493
1341845702.470000 0.055561811 0.053532228 -0.065746970 0.025149273 -0.070570603 -0.005740937 0.997173190
1341845702.510000 0.054734118 0.053711034 -0.065189093 0.025254212 -0.070462577 -0.005517885 0.997179449
1341845702.570000 0.053272277 0.052343696 -0.065972902 0.024894549 -0.070674948 -0.003808712 0.997181416
1341845702.610000 0.055086922 0.055295669 -0.066224501 0.024938354 -0.070999414 -0.004098378 0.997156143
1341845702.640000 0.054960474 0.054576378 -0.062891155 0.024261095 -0.070959754 -0.004428515 0.997174263
1341845702.670000 0.056104444 0.053605787 -0.065983802 0.023994420 -0.070800208 -0.004606135 0.997191250
1341845702.710000 0.056997065 0.056502357 -0.066559501 0.023895906 -0.070459120 -0.005071039 0.997215509
1341845702.740000 0.057126872 0.056995444 -0.067966819 0.023047497 -0.069701925 -0.006282391 0.997281790
1341845702.770000 0.056407906 0.059588481 -0.069825396 0.021578511 -0.068810344 -0.007638365 0.997367144
1341845702.810000 0.055843137 0.054714784 -0.069165267 0.019830691 -0.068220720 -0.007939843 0.997441530
1341845702.840000 0.060076248 0.061018042 -0.067948923 0.019507324 -0.068144791 -0.008239711 0.997450709
1341845702.870000 0.059628204 0.059731547 -0.065120175 0.017574091 -0.067463920 -0.008330615 0.997532129
1341845702.910000 0.058039095 0.055349559 -0.063996732 0.016575703 -0.066940576 -0.008575011 0.997582436
1341845702.940000 0.056356691 0.052546553 -0.063531227 0.017009269 -0.067100577 -0.007801279 0.997570693
1341845702.970000 0.056392420 0.050993975 -0.063706391 0.018863844 -0.068262398 -0.006369022 0.997468710
1341845703.010000 0.056494158 0.053902797 -0.063559338 0.020875247 -0.069680467 -0.004576754 0.997340441
1341845703.040000 0.059491638 0.055063289 -0.066394538 0.022256114 -0.070997961 -0.004100309 0.997219682
1341845703.070000 0.061355904 0.061233189 -0.067952514 0.022224657 -0.070910722 -0.005193993 0.997221529
1341845703.110000 0.061339818 0.059121531 -0.065206468 0.019719627 -0.069059961 -0.007359488 0.997390449
1341845703.140000 0.059478641 0.059667565 -0.068100534 0.018460225 -0.067390919 -0.008408264 0.997520387
1341845703.170000 0.058031823 0.058924627 -0.066528596 0.017088268 -0.066744708 -0.008978338 0.997583330
1341845703.210000 0.057861358 0.055008411 -0.065696225 0.016418822 -0.066828325 -0.009129547 0.997587621
1341845703.240000 0.058577534 0.052993394 -0.065859661 0.017229173 -0.067205176 -0.008915249 0.997550547
1341845703.270000 0.057503231 0.055401769 -0.065731257 0.018285327 -0.067732319 -0.008205567 0.997502208
1341845703.310000 0.057916790 0.055501938 -0.066668056 0.019128745 -0.068652317 -0.006889333 0.997433424
1341845703.340000 0.059595779 0.055269744 -0.065376118 0.019597594 -0.068982974 -0.006758730 0.997402430
1341845703.380000 0.060736746 0.057160951 -0.064806022 0.020504756 -0.068483695 -0.007213186 0.997415423
1341845703.410000 0.058526076 0.057388019 -0.065092281 0.020814056 -0.068012506 -0.007735809 0.997437358
1341845703.440000 0.058706615 0.057786912 -0.066156358 0.020640902 -0.068250179 -0.008311606 0.997420073
1341845703.480000 0.059734732 0.057779308 -0.065696344 0.020677349 -0.068450399 -0.008958650 0.997399986
1341845703.510000 0.058634788 0.055433575 -0.065141231 0.020688564 -0.068190731 -0.009207679 0.997415245
1341845703.540000 0.059599221 0.055958617 -0.064889304 0.021443259 -0.068344735 -0.009518618 0.997385919
1341845703.580000 0.059505027 0.057797201 -0.064578041 0.021831298 -0.068422459 -0.010364809 0.997363687
1341845703.610000 0.059119269 0.056019433 -0.064998716 0.022015331 -0.068562545 -0.010592287 0.997347653
1341845703.650000 0.058908343 0.056103375 -0.064906217 0.022338048 -0.068855383 -0.010610434 0.997320116
1341845703.710000 0.059784155 0.059594136 -0.065871999 0.022905800 -0.070298649 -0.010021660 0.997212589
1341845703.750000 0.061099816 0.060947623 -0.065846339 0.021863626 -0.070060454 -0.010883608 0.997243762
1341845703.780000 0.061271276 0.059754599 -0.065357357 0.020443419 -0.068977326 -0.011396651 0.997343600
1341845703.810000 0.059847172 0.058724888 -0.064989708 0.020006850 -0.068311296 -0.011120796 0.997401416
1341845703.850000 0.060364593 0.058406260 -0.064748809 0.019987592 -0.068471983 -0.011320593 0.997388542
1341845703.880000 0.060705632 0.059479121 -0.065408200 0.019943289 -0.068494283 -0.011324878 0.997387886
1341845703.910000 0.061057419 0.059280381 -0.066023842 0.019402353 -0.068436317 -0.010810818 0.997408211
1341845703.950000 0.061894275 0.056460671 -0.063019067 0.019150823 -0.068239145 -0.011409650 0.997419894
1341845703.980000 0.060565911 0.055905923 -0.063741259 0.019642387 -0.067648999 -0.011856304 0.997445345
1341845704.010000 0.059451148 0.054830797 -0.062507249 0.020341132 -0.067788802 -0.011912005 0.997421145
1341845704.050000 0.060418829 0.056605883 -0.061754011 0.021584278 -0.068327494 -0.011164899 0.997366905
1341845704.080000 0.061311442 0.056445748 -0.063988104 0.022013381 -0.068527929 -0.010515939 0.997350872
1341845704.110000 0.060407989 0.058054835 -0.063235022 0.022217738 -0.068070777 -0.010722630 0.997375429
1341845704.150000 0.060374409 0.057913370 -0.063033961 0.021725347 -0.067736208 -0.010665959 0.997409642
1341845704.180000 0.061905161 0.057382576 -0.063742839 0.021361595 -0.067489669 -0.011172767 0.997428656
1341845704.210000 0.060721129 0.057446323 -0.061971288 0.021215463 -0.067282252 -0.011096871 0.997446656
1341845704.250000 0.062588245 0.058261376 -0.061970219 0.021280717 -0.067547061 -0.010806738 0.997430563
1341845704.280000 0.063220516 0.059840180 -0.063147269 0.021182917 -0.067340977 -0.010327139 0.997451663
1341845704.310000 0.065872431 0.060377628 -0.061303467 0.020483458 -0.067137443 -0.009988039 0.997483432
1341845704.350000 0.066960916 0.060339633 -0.061692879 0.019802749 -0.065898545 -0.009974286 0.997579932
1341845704.380000 0.067180030 0.060403429 -0.062210187 0.019096697 -0.064136371 -0.010472075 0.997703433
1341845704.410000 0.066172957 0.058381561 -0.060365971 0.018766971 -0.062521145 -0.010497809 0.997811973
1341845704.450000 0.067236446 0.061416578 -0.061755739 0.019213004 -0.061154667 -0.010472861 0.997888386
1341845704.480000 0.064035155 0.059973065 -0.060883816 0.017826403 -0.059092190 -0.010876772 0.998034060
1341845704.510000 0.061109859 0.052046932 -0.059462294 0.017711934 -0.058195837 -0.010621983 0.998091519
1341845704.550000 0.059930235 0.049760424 -0.058286726 0.021743897 -0.059069600 -0.008477207 0.997981012
1341845704.580000 0.061824225 0.052321762 -0.062531307 0.026127983 -0.061292365 -0.006037152 0.997759581
1341845704.620000 0.062134784 0.056599610 -0.061057724 0.028756171 -0.062332388 -0.006668714 0.997618794
1341845704.650000 0.060680665 0.057057098 -0.060769010 0.029257344 -0.061972301 -0.008236926 0.997614980
1341845704.680000 0.058895409 0.051774457 -0.061684750 0.029563343 -0.062228758 -0.008837238 0.997584820
1341845704.720000 0.058407944 0.053906184 -0.063133694 0.031233868 -0.063412555 -0.008753944 0.997460127
1341845704.750000 0.060965963 0.057426959 -0.062891759 0.031957410 -0.064057343 -0.009991921 0.997384369
1341845704.780000 0.059811343 0.057954289 -0.062206089 0.031140888 -0.063311696 -0.012089928 0.997434556
1341845704.820000 0.056062169 0.054317214 -0.061272770 0.031245211 -0.063444421 -0.013042310 0.997410893
1341845704.850000 0.056523286 0.054405008 -0.065590270 0.032717712 -0.065201350 -0.013141808 0.997249067
1341845704.890000 0.058746502 0.056632869 -0.064807668 0.033110775 -0.066546842 -0.013065440 0.997148156
1341845704.920000 0.057190999 0.058559753 -0.066308320 0.032866862 -0.066853784 -0.013742051 0.997126639
1341845704.950000 0.057083145 0.057355970 -0.066549756 0.032103237 -0.067320265 -0.014756097 0.997105598
1341845704.990000 0.057005655 0.057908840 -0.066312373 0.031318333 -0.067730375 -0.015504015 0.997091472
1341845705.020000 0.056876130 0.058493916 -0.065776207 0.030796129 -0.068099603 -0.015980022 0.997075081
1341845705.050000 0.057267010 0.058552314 -0.066729866 0.029912164 -0.068390414 -0.016526284 0.997073174
1341845705.090000 0.055428516 0.056296360 -0.066172086 0.029186834 -0.068660356 -0.017097864 0.997066498
1341845705.120000 0.054009296 0.058363806 -0.068668216 0.029474946 -0.069188043 -0.017340956 0.997017324
1341845705.150000 0.057176679 0.061815839 -0.066008970 0.028615238 -0.069881551 -0.017692827 0.996987820
1341845705.190000 0.056444101 0.057546929 -0.064755984 0.027220683 -0.069434039 -0.017743006 0.997057259
1341845705.220000 0.058458857 0.058353018 -0.065793574 0.027320718 -0.069218382 -0.017358005 0.997076273
1341845705.250000 0.057810716 0.059704505 -0.065877020 0.026890077 -0.068705373 -0.017884765 0.997114182
1341845705.290000 0.055254601 0.057974722 -0.063870087 0.026413748 -0.068629630 -0.017703261 0.997135341
1341845705.320000 0.056218572 0.058072351 -0.064722195 0.026839521 -0.069175430 -0.016826661 0.997101426
1341845705.350000 0.057256240 0.058197178 -0.064861044 0.026953865 -0.069743372 -0.015821029 0.997075260
1341845705.390000 0.057743277 0.058050249 -0.063150689 0.027416926 -0.070030913 -0.015934506 0.997040629
1341845705.420000 0.058200166 0.054072492 -0.062971793 0.027885634 -0.069667093 -0.016497221 0.997044027
1341845705.450000 0.057203714 0.055400249 -0.062434062 0.030357627 -0.069603607 -0.016143369 0.996982038
1341845705.490000 0.056085110 0.057379723 -0.063397929 0.032492984 -0.070513219 -0.014915783 0.996869922
1341845705.520000 0.058732942 0.057566382 -0.062927812 0.033845555 -0.071497433 -0.013783528 0.996771097
1341845705.550000 0.059100095 0.059782680 -0.064513683 0.034736205 -0.071615197 -0.012724810 0.996746063
1341845705.590000 0.060075812 0.060011942 -0.063147947 0.034485001 -0.071622886 -0.013351209 0.996746063
1341845705.620000 0.056136318 0.060255732 -0.064422369 0.034589540 -0.071105354 -0.012602286 0.996789217
1341845705.650000 0.052029043 0.056568623 -0.067101732 0.034007881 -0.072955042 -0.011591788 0.996687829
1341845705.690000 0.058184829 0.060896337 -0.062783957 0.035281960 -0.075312600 -0.012099799 0.996462166
1341845705.720000 0.060754858 0.060805432 -0.063405603 0.035120044 -0.074809268 -0.012282146 0.996503532
1341845705.750000 0.059386995 0.060738213 -0.062284723 0.035052802 -0.074078046 -0.013599592 0.996543407
1341845705.790000 0.060555715 0.062669598 -0.060437821 0.035335705 -0.073147669 -0.013001754 0.996610165
1341845705.820000 0.057177693 0.060587369 -0.060579285 0.034744199 -0.072098114 -0.012691316 0.996711433
1341845705.860000 0.054669715 0.057706315 -0.061057284 0.034884110 -0.072615772 -0.012957985 0.996665537
1341845705.900000 0.052719511 0.054016270 -0.063663974 0.035988513 -0.073885933 -0.011408626 0.996551812
1341845705.930000 0.051906392 0.058090519 -0.063057959 0.037986651 -0.076247163 -0.009268451 0.996321976
1341845705.960000 0.055017360 0.064137444 -0.060997166 0.038737044 -0.078432426 -0.010219635 0.996114135
1341845706.000000 0.060695902 0.067391925 -0.059978038 0.037609950 -0.078548491 -0.015144709 0.996085465
1341845706.030000 0.059407782 0.069269903 -0.056677438 0.035492420 -0.076418817 -0.016287370 0.996310771
1341845706.060000 0.050151996 0.062766142 -0.058769222 0.033795319 -0.075881250 -0.015960746 0.996416152
1341845706.100000 0.054484241 0.064577565 -0.057155054 0.034290519 -0.078186452 -0.017337868 0.996197999
1341845706.130000 0.059333570 0.067018479 -0.054084118 0.033400979 -0.078093767 -0.018247014 0.996219277
1341845706.160000 0.057462092 0.060176406 -0.052120171 0.031909551 -0.076625563 -0.017385334 0.996397555
1341845706.200000 0.055357955 0.064860791 -0.052852649 0.033269577 -0.076801330 -0.016506061 0.996354461
1341845706.230000 0.061378587 0.067804053 -0.051013850 0.032680400 -0.077118084 -0.016210102 0.996354342
1341845706.260000 0.060845256 0.067061074 -0.049606435 0.031516962 -0.075116426 -0.015308736 0.996558964
1341845706.300000 0.056425117 0.066486999 -0.049896672 0.030480180 -0.074246906 -0.014557268 0.996667683
1341845706.330000 0.057686910 0.067806676 -0.048856236 0.030086014 -0.075153992 -0.014994026 0.996605158
1341845706.360000 0.059659958 0.065266341 -0.047275163 0.029406542 -0.075268008 -0.014564803 0.996623218
1341845706.400000 0.058610793 0.064848080 -0.047328606 0.029537393 -0.075467207 -0.014529874 0.996604800
1341845706.430000 0.062037207 0.066133171 -0.044022530 0.030025989 -0.075693898 -0.014310804 0.996576190
1341845706.460000 0.061707154 0.064662516 -0.044538371 0.029811425 -0.074725278 -0.012929408 0.996674597
1341845706.500000 0.057985112 0.062329724 -0.045910284 0.030184679 -0.074900985 -0.011268922 0.996670365
1341845706.530000 0.063676864 0.064442188 -0.044815719 0.031284586 -0.076339066 -0.011617490 0.996523261
1341845706.560000 0.070878193 0.064253971 -0.039801959 0.031477667 -0.075264342 -0.011280246 0.996602833
1341845706.600000 0.063375667 0.059906118 -0.039919030 0.031988822 -0.072770618 -0.011580211 0.996768296
1341845706.630000 0.064491645 0.060502473 -0.041756362 0.033778161 -0.074311405 -0.012253192 0.996587515
1341845706.670000 0.071563832 0.061928060 -0.040140357 0.034737043 -0.074291989 -0.011940571 0.996559799
1341845706.700000 0.069997102 0.061694838 -0.040465243 0.034859166 -0.071912043 -0.011651001 0.996733546
1341845706.730000 0.067738324 0.060373899 -0.040800326 0.035386030 -0.071135178 -0.011357964 0.996774077
1341845706.770000 0.070493080 0.061136436 -0.040472977 0.036132451 -0.071138978 -0.009663018 0.996764958
1341845706.800000 0.069208898 0.059855048 -0.040408995 0.036512483 -0.070282362 -0.008122503 0.996825576
1341845706.830000 0.068988204 0.061848447 -0.042108595 0.036712006 -0.070342205 -0.008240594 0.996813059
1341845706.870000 0.068955310 0.063365355 -0.042050827 0.036288023 -0.070086576 -0.008287547 0.996846199
1341845706.930000 0.069809407 0.061878804 -0.041731514 0.035399385 -0.070829995 -0.007142829 0.996834457
1341845706.990000 0.069654673 0.061456650 -0.043162182 0.034018874 -0.070488185 -0.005785988 0.996915579
1341845707.030000 0.069621339 0.060057804 -0.041386254 0.034508735 -0.070944749 -0.004499920 0.996872962
1341845707.060000 0.073686555 0.060526304 -0.043746829 0.035092980 -0.071134485 -0.004269493 0.996840060
1341845707.100000 0.073536240 0.057008345 -0.040995441 0.035005573 -0.069921441 -0.003952484 0.996930301
1341845707.130000 0.070254058 0.052675866 -0.042973656 0.036515787 -0.069467925 -0.003040012 0.996910989
1341845707.160000 0.074756548 0.053016964 -0.043332241 0.038940344 -0.070671380 -0.002510177 0.996736109
1341845707.200000 0.077011056 0.054168761 -0.043425266 0.039945353 -0.069674909 -0.003179408 0.996764600
1341845707.230000 0.074758328 0.053004697 -0.042652503 0.040405884 -0.068415791 -0.003390646 0.996832550
1341845707.260000 0.075684637 0.051740944 -0.043610305 0.040801324 -0.068377137 -0.002838995 0.996820807
1341845707.300000 0.078344144 0.053641360 -0.044165634 0.041019443 -0.067873307 -0.002631781 0.996846855
1341845707.330000 0.081135422 0.052868687 -0.042482965 0.040370032 -0.066643052 -0.003135516 0.996954918
1341845707.370000 0.079099163 0.047930032 -0.040836189 0.040131692 -0.064760745 -0.002287867 0.997090876
1341845707.400000 0.077809505 0.049223576 -0.041646570 0.041590963 -0.064661495 -0.000163213 0.997040153
1341845707.430000 0.081861272 0.047564216 -0.040927023 0.042364240 -0.065203980 0.000996454 0.996971786
1341845707.470000 0.086168341 0.047637425 -0.042142794 0.043292060 -0.063981518 0.000115973 0.997011602
1341845707.500000 0.084727451 0.047554158 -0.039913770 0.043821715 -0.062300596 0.000447757 0.997094810
1341845707.530000 0.088059850 0.046659175 -0.039625078 0.044598084 -0.061638582 0.001139534 0.997101009
1341845707.570000 0.091684848 0.046891324 -0.040082525 0.045536041 -0.059917577 0.000947745 0.997163713
1341845707.600000 0.091075733 0.046888106 -0.038382418 0.046024181 -0.057875916 0.000636450 0.997262120
1341845707.630000 0.088145033 0.046401825 -0.038290422 0.046266876 -0.057354063 0.001725215 0.997279763
1341845707.670000 0.091383293 0.047313031 -0.038554933 0.046973772 -0.057886433 0.002697058 0.997213781
1341845707.700000 0.093698919 0.049680464 -0.038890656 0.046655733 -0.057361495 0.002393482 0.997259855
1341845707.730000 0.090806566 0.048841950 -0.036682364 0.046026848 -0.056542076 0.001458866 0.997337639
1341845707.770000 0.091526665 0.045548305 -0.036659546 0.045610245 -0.056896850 0.001500112 0.997336566
1341845707.840000 0.091342710 0.046416536 -0.038263988 0.047358897 -0.056722604 0.001162110 0.997265399
1341845707.870000 0.091081142 0.049526505 -0.037153650 0.047619179 -0.057345554 0.001044223 0.997217536
1341845707.900000 0.091948576 0.047486238 -0.035544999 0.046866711 -0.057803642 0.001941158 0.997225404
1341845707.930000 0.090890020 0.047060322 -0.034179471 0.047033790 -0.058244001 0.002065244 0.997191668
1341845707.970000 0.094606079 0.047792010 -0.035046037 0.047509007 -0.058830380 0.001802093 0.997135222
1341845708.000000 0.092743047 0.047269780 -0.034971461 0.047329422 -0.058046591 0.002453430 0.997188270
1341845708.030000 0.091408730 0.046960529 -0.034349792 0.047532871 -0.058635730 0.001790688 0.997145534
1341845708.070000 0.093576074 0.049155325 -0.033520654 0.047513098 -0.058985628 0.001498493 0.997126341
1341845708.100000 0.090427838 0.045613281 -0.033640783 0.046541903 -0.058465656 0.001093447 0.997203290
1341845708.130000 0.090359263 0.045198366 -0.034385756 0.046911299 -0.059379771 0.000845866 0.997132182
1341845708.170000 0.092648029 0.047568779 -0.035037529 0.047190096 -0.060149271 0.000754865 0.997072995
1341845708.200000 0.091943830 0.045887370 -0.036245469 0.046609733 -0.059776299 -0.000213249 0.997123003
1341845708.230000 0.089477845 0.044300888 -0.035100449 0.046895701 -0.060238037 -0.000953930 0.997081399
1341845708.270000 0.090538993 0.043776393 -0.037253883 0.047270205 -0.061132129 -0.000535001 0.997009575
1341845708.300000 0.091732711 0.047150973 -0.036325447 0.048057675 -0.061812248 -0.001295921 0.996929288
1341845708.340000 0.093792111 0.047560077 -0.035979219 0.047546379 -0.061881714 -0.002632722 0.996946871
1341845708.370000 0.091351867 0.046813004 -0.036722086 0.047041785 -0.061244767 -0.003096972 0.997008801
1341845708.400000 0.091110080 0.047523446 -0.035904326 0.047414538 -0.061995197 -0.003635397 0.996942937
1341845708.440000 0.095096000 0.048467360 -0.037040293 0.047783870 -0.062572837 -0.003935706 0.996888101
1341845708.500000 0.091128573 0.047742724 -0.036021657 0.046995182 -0.063600443 -0.002889118 0.996864140
1341845708.540000 0.091168880 0.049148969 -0.039501056 0.047582526 -0.065161526 -0.002501813 0.996736467
1341845708.610000 0.092452511 0.051297233 -0.038349509 0.046861894 -0.066842720 -0.004898579 0.996650398
1341845708.640000 0.086472698 0.049420103 -0.041842245 0.046697468 -0.067800425 -0.005791992 0.996588647
1341845708.670000 0.091842696 0.053029228 -0.041311279 0.047280464 -0.070175163 -0.006645899 0.996391416
1341845708.710000 0.094043359 0.054765359 -0.041684065 0.046447147 -0.069980755 -0.007435170 0.996438682
1341845708.740000 0.085220307 0.052432857 -0.042164937 0.045867842 -0.069608569 -0.008401434 0.996483922
1341845708.770000 0.087770030 0.054250460 -0.043215454 0.046155412 -0.072099745 -0.008498033 0.996292651
1341845708.810000 0.090340808 0.056730520 -0.041528728 0.045692794 -0.072614901 -0.009305337 0.996269345
1341845708.840000 0.085338816 0.054558586 -0.040985789 0.045130946 -0.072599910 -0.010716211 0.996281862
1341845708.870000 0.087145932 0.056929901 -0.041024480 0.045468196 -0.074135125 -0.011687457 0.996142566
1341845708.910000 0.087140970 0.055596542 -0.042289425 0.044972904 -0.074283309 -0.012628462 0.996142507
1341845708.940000 0.085040212 0.056778386 -0.041722961 0.045111615 -0.074620731 -0.014169084 0.996090293
1341845708.970000 0.083767407 0.056931317 -0.043996785 0.045199398 -0.075504161 -0.013880531 0.996023834
1341845709.010000 0.085900828 0.057898186 -0.042676132 0.044839740 -0.076650083 -0.014152745 0.995948732
1341845709.040000 0.084268823 0.057206463 -0.044945605 0.044776671 -0.076883107 -0.015227779 0.995917737
1341845709.070000 0.083545908 0.058313739 -0.044897482 0.044500485 -0.077330150 -0.016491553 0.995875359
1341845709.110000 0.080155917 0.057232186 -0.046506800 0.044233654 -0.077617146 -0.016971806 0.995856881
1341845709.140000 0.081154808 0.057968736 -0.046098456 0.044266522 -0.079094820 -0.017285662 0.995733738
1341845709.170000 0.083518609 0.060853865 -0.043867342 0.044309977 -0.079314388 -0.017228410 0.995715380
1341845709.210000 0.081547961 0.061889336 -0.046785761 0.043815363 -0.079219252 -0.017443931 0.995741010
1341845709.240000 0.084437497 0.061814278 -0.045534853 0.043270238 -0.079656795 -0.017366262 0.995731354
1341845709.270000 0.082500450 0.059514768 -0.044033214 0.042503282 -0.079050019 -0.017146563 0.995816529
1341845709.310000 0.081753992 0.059646618 -0.044698738 0.042594023 -0.079074048 -0.016061079 0.995828867
1341845709.340000 0.082130872 0.062051490 -0.045986027 0.042304251 -0.079370379 -0.015446582 0.995827317
1341845709.370000 0.083396941 0.063863598 -0.048365869 0.041294161 -0.079434752 -0.014798949 0.995874405
1341845709.410000 0.082873553 0.066319518 -0.048110634 0.039807603 -0.079305030 -0.013720090 0.995960772
1341845709.440000 0.080217868 0.064937085 -0.049233489 0.037450351 -0.079396591 -0.011491839 0.996073127
1341845709.470000 0.081206486 0.066369332 -0.049903095 0.036026303 -0.080119535 -0.010728592 0.996076226
1341845709.510000 0.080133684 0.068236358 -0.052147012 0.034369480 -0.079633534 -0.010400188 0.996177197
1341845709.540000 0.077337213 0.067675479 -0.049816839 0.032265659 -0.080304287 -0.010181217 0.996195972
1341845709.580000 0.077297553 0.066297300 -0.048916232 0.031250842 -0.081426322 -0.010639159 0.996132493
1341845709.610000 0.077182896 0.067568928 -0.049510591 0.031119881 -0.082728237 -0.011200867 0.996023118
1341845709.640000 0.078747600 0.066047288 -0.048880771 0.030772701 -0.083916761 -0.010652883 0.995940506
1341845709.710000 0.079908252 0.067359142 -0.048065029 0.029821472 -0.085478969 -0.011825582 0.995823324
1341845709.750000 0.080398798 0.070158385 -0.049381819 0.029646212 -0.085176580 -0.011683741 0.995856166
1341845709.780000 0.076815672 0.066778757 -0.048271537 0.028621648 -0.085227817 -0.010473308 0.995895267
1341845709.810000 0.079666063 0.068215244 -0.048043009 0.028983340 -0.085709341 -0.011609542 0.995830834
1341845709.850000 0.082656167 0.067689642 -0.048970819 0.028784584 -0.084365681 -0.013534591 0.995927036
1341845709.880000 0.081262067 0.065080695 -0.049093496 0.028331891 -0.082343221 -0.014960353 0.996088862
1341845709.910000 0.077725716 0.062438153 -0.051798724 0.028878126 -0.081405587 -0.014039125 0.996163666
1341845709.950000 0.077014491 0.061761934 -0.051476061 0.030554976 -0.082488589 -0.013280171 0.996034980
1341845709.980000 0.079633862 0.063136034 -0.051323347 0.032034237 -0.083028361 -0.012887212 0.995948792
1341845710.010000 0.080770791 0.062909521 -0.050412953 0.032628801 -0.082462698 -0.013802485 0.995964229
1341845710.050000 0.077844769 0.062094886 -0.053400725 0.033236444 -0.081496894 -0.014230599 0.996017635
1341845710.080000 0.078511193 0.064618818 -0.052291155 0.033649027 -0.082146756 -0.014468493 0.995946944
1341845710.110000 0.080456942 0.062878594 -0.051265996 0.033458110 -0.081989132 -0.014505757 0.995965838
1341845710.150000 0.077653386 0.064711198 -0.053127494 0.033824082 -0.081571341 -0.014023075 0.995994687
1341845710.180000 0.077282615 0.062708780 -0.052734170 0.034074560 -0.082395472 -0.014155612 0.995916426
1341845710.210000 0.079878762 0.062421769 -0.053977571 0.034393821 -0.082780793 -0.014137382 0.995873749
1341845710.250000 0.074155927 0.059423883 -0.054754153 0.034783181 -0.082225293 -0.014686291 0.995898306
1341845710.280000 0.073724188 0.059538670 -0.055089865 0.036817797 -0.083954468 -0.016581615 0.995651126
1341845710.310000 0.078552321 0.063872352 -0.055553295 0.037902746 -0.085128702 -0.016267244 0.995515883
1341845710.350000 0.076158725 0.061005909 -0.055364735 0.037442777 -0.084237590 -0.015572750 0.995620191
1341845710.380000 0.074812420 0.060034968 -0.056048922 0.038051400 -0.084632277 -0.015667500 0.995562136
1341845710.410000 0.079302549 0.063946523 -0.055149380 0.038882293 -0.085562475 -0.015505818 0.995453060
1341845710.450000 0.076667443 0.062178884 -0.055398855 0.038010605 -0.084530041 -0.014882369 0.995584428
1341845710.480000 0.074843138 0.062362630 -0.055101283 0.038062457 -0.085145913 -0.015183393 0.995525420
1341845710.510000 0.077294976 0.061771899 -0.052948419 0.037990052 -0.085639782 -0.014636734 0.995494008
1341845710.550000 0.075970121 0.058941785 -0.055627480 0.038087483 -0.085433073 -0.013842365 0.995519459
1341845710.580000 0.076373801 0.059541196 -0.055840045 0.039248250 -0.085975654 -0.013812211 0.995428026
1341845710.610000 0.077799074 0.061001446 -0.055991694 0.039353132 -0.085702367 -0.012621039 0.995463252
1341845710.650000 0.075983271 0.057829637 -0.055568803 0.039263997 -0.085465103 -0.012377602 0.995490253
1341845710.680000 0.077590451 0.060271017 -0.056821167 0.040435508 -0.085699737 -0.012854995 0.995417118
1341845710.710000 0.079768375 0.061359055 -0.056421593 0.040750716 -0.085364036 -0.012423085 0.995438576
1341845710.750000 0.078350075 0.058826692 -0.055501595 0.040727496 -0.084611505 -0.011763923 0.995511830
1341845710.780000 0.078735031 0.059873402 -0.054729663 0.041473176 -0.084762126 -0.012081997 0.995464385
1341845710.820000 0.081870124 0.060930599 -0.055212930 0.041651402 -0.084583238 -0.012472436 0.995467365
1341845710.850000 0.080541946 0.060980961 -0.056047928 0.041139271 -0.083611429 -0.011462534 0.995582879
1341845710.880000 0.077317365 0.060058113 -0.054803096 0.040788352 -0.083761111 -0.010706899 0.995593190
1341845710.920000 0.083072089 0.062469967 -0.053411476 0.041134525 -0.084575102 -0.011221345 0.995504439
1341845710.950000 0.081307188 0.059233341 -0.054002102 0.040550590 -0.083332479 -0.011070788 0.995634854
1341845710.990000 0.076760568 0.055998143 -0.057313077 0.041322228 -0.083553925 -0.010943366 0.995585978
1341845711.020000 0.079769231 0.059777156 -0.056508191 0.043199036 -0.085416935 -0.012814729 0.995325863
1341845711.050000 0.088462315 0.066560261 -0.053516913 0.042832159 -0.084780313 -0.013555804 0.995386302
1341845711.090000 0.081274025 0.058405187 -0.053835306 0.040673599 -0.081511930 -0.013672438 0.995748222
1341845711.120000 0.078091785 0.057583477 -0.055307884 0.041466374 -0.082154796 -0.013553031 0.995664358
1341845711.150000 0.084770240 0.062348004 -0.053787854 0.042145178 -0.083481684 -0.012215866 0.995542705
1341845711.190000 0.084854633 0.060264885 -0.051245991 0.040833134 -0.081939928 -0.012594623 0.995720804
1341845711.250000 0.078839682 0.062439296 -0.052951150 0.042284988 -0.083441585 -0.012708542 0.995534003
1341845711.290000 0.084536947 0.062962376 -0.051309921 0.041237392 -0.084457375 -0.012666451 0.995492816
1341845711.320000 0.082943611 0.062179796 -0.052052528 0.040452830 -0.083303742 -0.013502739 0.995611191
1341845711.350000 0.086092234 0.065547012 -0.052976206 0.039581910 -0.082935169 -0.014623350 0.995661199
1341845711.390000 0.085817412 0.062120885 -0.053108849 0.037573606 -0.081081115 -0.015138897 0.995883942
1341845711.420000 0.079854906 0.058549941 -0.053154267 0.036809735 -0.079856232 -0.014661497 0.996018589
1341845711.490000 0.084446825 0.061613575 -0.052346189 0.038981277 -0.082745798 -0.012597858 0.995728314
1341845711.520000 0.084348574 0.059452087 -0.051403515 0.039163999 -0.082128711 -0.011892092 0.995780945
1341845711.550000 0.083767757 0.061961073 -0.049975000 0.039992530 -0.081842624 -0.011883837 0.995771646
1341845711.590000 0.086984150 0.064189404 -0.051756460 0.039352123 -0.081356026 -0.012372740 0.995831072
1341845711.620000 0.083401963 0.059859764 -0.050012156 0.038155563 -0.079674087 -0.012605658 0.996010721
1341845711.650000 0.081860393 0.061758306 -0.049702916 0.038736917 -0.079884857 -0.012347749 0.995974600
1341845711.690000 0.085390627 0.061279643 -0.050136685 0.038643572 -0.080507919 -0.011652279 0.995936394
1341845711.720000 0.086183667 0.060091950 -0.050015029 0.038875725 -0.080375552 -0.010762481 0.995948076
1341845711.750000 0.080547303 0.061330918 -0.052504811 0.039402239 -0.080398515 -0.010312991 0.995930314
1341845711.790000 0.084612839 0.061272852 -0.051496454 0.039585520 -0.081842452 -0.010269221 0.995805860
1341845711.820000 0.084640071 0.060473483 -0.049648315 0.039593223 -0.081605658 -0.010408686 0.995823562
1341845711.850000 0.084540926 0.062194545 -0.048647694 0.040228698 -0.081419140 -0.011297569 0.995803654
1341845711.890000 0.089267418 0.062882259 -0.051040560 0.039628692 -0.080486804 -0.012138519 0.995893598
1341845711.920000 0.087683506 0.062967367 -0.051202178 0.038777262 -0.078224361 -0.012091342 0.996107936
1341845711.960000 0.085150689 0.063320220 -0.050740208 0.038137782 -0.077746943 -0.013468681 0.996152341
1341845711.990000 0.089136727 0.065291092 -0.049688213 0.037720826 -0.077446453 -0.014609740 0.996175528
1341845712.060000 0.084473997 0.064382121 -0.051213518 0.036580954 -0.076549038 -0.012623332 0.996314585
1341845712.090000 0.091409817 0.067269310 -0.051021151 0.036000662 -0.076382637 -0.015432945 0.996308923
1341845712.160000 0.074226804 0.058760732 -0.052097693 0.033805557 -0.073755391 -0.014313929 0.996600449
1341845712.130000 0.086813442 0.066596314 -0.048634283 0.034512896 -0.073417455 -0.016071709 0.996574342
1341845712.200000 0.082510777 0.065111168 -0.051380325 0.036359191 -0.077887096 -0.013635232 0.996205628
1341845712.260000 0.085619360 0.065169945 -0.049393691 0.034800693 -0.074904576 -0.016586402 0.996445239
1341845712.290000 0.080344513 0.062861182 -0.050480932 0.034898274 -0.074882887 -0.016079353 0.996451735
