1341846226.820000 0.000000000 0.000000000 0.000000000 0.000000000 0.000000000 0.000000000 1.000000000
1341846226.850000 0.006002616 0.000273267 0.001781692 0.000832458 -0.000803202 -0.001572289 0.999998093
1341846226.880000 0.006027782 0.001912609 0.001187038 0.001385420 0.000622889 -0.002986315 0.999994397
1341846226.920000 -0.001749704 0.001823849 0.000367280 0.000650184 0.000486312 -0.002886840 0.999995470
1341846226.950000 0.001060013 -0.004087788 0.005570800 0.000789631 -0.002146849 -0.002498799 0.999994278
1341846226.990000 0.003786185 -0.000917291 0.003645898 0.003015348 -0.003302574 -0.002611868 0.999986589
1341846227.020000 0.001642899 0.002102715 0.002259050 0.002962505 -0.003695670 -0.003354028 0.999983132
1341846227.050000 0.004258377 -0.000742577 0.004273381 0.002617334 -0.004554942 -0.004218129 0.999977291
1341846227.090000 0.005348096 -0.001665243 0.004839823 0.003167722 -0.004498234 -0.004539323 0.999974549
1341846227.120000 0.005654602 -0.000648770 0.004373028 0.003709052 -0.004463601 -0.004827239 0.999971509
1341846227.150000 0.004601317 -0.000817187 0.003896922 0.004301158 -0.004566024 -0.005002581 0.999967813
1341846227.190000 0.003421370 0.002378656 0.001659663 0.004372428 -0.005493375 -0.005574198 0.999959826
1341846227.220000 0.007734518 -0.000168850 0.005488110 0.003052593 -0.006524934 -0.006823510 0.999950767
1341846227.250000 0.008659642 -0.002938550 0.007867509 0.003924425 -0.006246531 -0.008824315 0.999933839
1341846227.290000 0.005772609 -0.003406690 0.003996227 0.005168718 -0.006408302 -0.009908327 0.999917030
1341846227.320000 0.004220412 -0.001998843 0.001821838 0.005474235 -0.008000796 -0.011021353 0.999892294
1341846227.350000 0.005599817 -0.001141116 0.002917588 0.005990277 -0.009921640 -0.013031438 0.999847949
1341846227.390000 0.001801425 0.000855737 -0.000650226 0.005452394 -0.011696464 -0.014476396 0.999811947
1341846227.420000 0.000260902 0.002300914 0.000873374 0.004221288 -0.014958892 -0.016497079 0.999743104
1341846227.450000 0.005730815 0.000815869 0.003098393 0.002750262 -0.018325241 -0.019816179 0.999631882
1341846227.490000 0.006489099 -0.000004159 0.003973893 0.001881815 -0.019385839 -0.022624021 0.999554276
1341846227.520000 0.003627236 -0.002266908 0.004288298 0.001660028 -0.020641681 -0.023352787 0.999512792
1341846227.550000 0.005897474 -0.006846539 0.006030537 0.002780960 -0.023319772 -0.023582298 0.999446034
1341846227.590000 0.009521624 -0.002246218 0.005031634 0.004878254 -0.024152594 -0.026952306 0.999333024
1341846227.620000 0.009766122 0.000239712 0.003584755 0.004706293 -0.023383651 -0.030478839 0.999250770
1341846227.650000 0.006992619 -0.006963744 0.006684155 0.003571473 -0.023570079 -0.030001361 0.999265552
1341846227.690000 0.012161866 -0.013529923 0.008180046 0.005875058 -0.025150975 -0.029593457 0.999228299
1341846227.720000 0.020022748 -0.008418045 0.007429522 0.008858035 -0.023834385 -0.030773338 0.999202907
1341846227.750000 0.017817266 -0.009730975 0.007720543 0.009719043 -0.020741692 -0.030656597 0.999267459
1341846227.790000 0.018071577 -0.011542952 0.006906209 0.011016501 -0.018788552 -0.029805936 0.999318361
1341846227.820000 0.019734288 -0.009255260 0.005677903 0.011773976 -0.017077262 -0.029013485 0.999363780
1341846227.850000 0.020624114 -0.010379671 0.006640349 0.011866956 -0.015094391 -0.028992774 0.999395192
1341846227.890000 0.020764174 -0.009945823 0.006764652 0.012407233 -0.013441789 -0.028665459 0.999421656
1341846227.920000 0.020490315 -0.011334347 0.005970734 0.012227417 -0.012520948 -0.027488220 0.999468923
1341846227.960000 0.025333449 -0.010900523 0.005864433 0.012433791 -0.011822896 -0.028011810 0.999460340
1341846227.990000 0.024677033 -0.009850075 0.005244149 0.011515028 -0.009353021 -0.029367078 0.999458611
1341846228.020000 0.023348700 -0.019054551 0.008602269 0.010552588 -0.008519282 -0.029110482 0.999484181
1341846228.060000 0.026172273 -0.020929914 0.006941759 0.012808417 -0.008641646 -0.027743209 0.999495685
1341846228.090000 0.028771777 -0.009562839 0.002610849 0.013795259 -0.007539888 -0.028214332 0.999478281
1341846228.120000 0.028135812 -0.007025423 0.005093744 0.010819066 -0.005454428 -0.027159808 0.999557674
1341846228.160000 0.025505008 -0.008283348 0.006100394 0.008471979 -0.005349716 -0.023401160 0.999675930
1341846228.190000 0.027932450 -0.004943749 0.007047021 0.006525474 -0.006315686 -0.021744819 0.999722302
1341846228.230000 0.027309528 -0.011481039 0.009697832 0.003905857 -0.006170575 -0.022848519 0.999712288
1341846228.260000 0.029736046 -0.016734557 0.011067392 0.004077778 -0.007269329 -0.023139684 0.999697506
1341846228.290000 0.030619251 -0.014909376 0.011116541 0.004890091 -0.007801494 -0.022151539 0.999712229
1341846228.330000 0.033963516 -0.015324329 0.011476035 0.005292626 -0.007448309 -0.022326961 0.999708951
1341846228.360000 0.034689810 -0.013962826 0.009262228 0.005874174 -0.005757388 -0.022065166 0.999722719
1341846228.390000 0.031159006 -0.013926777 0.009044552 0.005528409 -0.004934301 -0.021144563 0.999748945
1341846228.430000 0.037804723 -0.016603872 0.012171734 0.005557813 -0.005095854 -0.020816689 0.999754846
1341846228.490000 0.032939345 -0.011686500 0.007802947 0.006528763 -0.002018908 -0.020141378 0.999773800
1341846228.530000 0.033458762 -0.015630011 0.006638102 0.005259912 -0.003055088 -0.019393720 0.999793410
1341846228.560000 0.038060855 -0.014445533 0.009216556 0.005565932 -0.003182111 -0.018448532 0.999809265
1341846228.590000 0.032681730 -0.017435877 0.006908673 0.005550580 -0.001900604 -0.018122913 0.999818563
1341846228.630000 0.031982500 -0.015006011 0.003042745 0.005604952 -0.003255449 -0.017051894 0.999833584
1341846228.660000 0.033148259 -0.013501290 0.005220931 0.004942230 -0.004568486 -0.016308589 0.999844372
1341846228.690000 0.036823392 -0.014377732 0.004010804 0.003981547 -0.004251381 -0.017065492 0.999837399
1341846228.730000 0.037289444 -0.014323650 0.004451674 0.003337669 -0.003049203 -0.017106697 0.999843478
1341846228.760000 0.032744233 -0.018078880 0.002933630 0.002731608 -0.002431026 -0.015344072 0.999875605
1341846228.790000 0.037555065 -0.018376688 0.002115986 0.003779972 -0.003629911 -0.013793301 0.999891162
1341846228.830000 0.041576017 -0.020930534 0.000403160 0.004157708 -0.003515069 -0.012857057 0.999902546
1341846228.860000 0.037094656 -0.022027621 -0.002739120 0.004072698 -0.002962609 -0.011845184 0.999917150
1341846228.890000 0.037744340 -0.022413181 -0.003761860 0.004322154 -0.004140118 -0.011253009 0.999918759
1341846228.930000 0.042036336 -0.021894157 -0.001393313 0.004613796 -0.004657465 -0.011727937 0.999909759
1341846228.960000 0.041089144 -0.019098181 -0.003011239 0.004526559 -0.003784839 -0.011696640 0.999914169
1341846228.990000 0.037612330 -0.017558275 -0.002229272 0.003744975 -0.003260897 -0.011634492 0.999920011
1341846229.030000 0.040828899 -0.023075845 0.001335064 0.003073812 -0.003875723 -0.011245077 0.999924541
1341846229.060000 0.042339038 -0.021631287 0.001175431 0.004569653 -0.003728403 -0.010815554 0.999924123
1341846229.090000 0.042648617 -0.018161368 -0.001890145 0.005015891 -0.003152655 -0.009625754 0.999936104
1341846229.130000 0.042171001 -0.018219030 -0.001444865 0.004422996 -0.002516697 -0.009052517 0.999946058
1341846229.160000 0.042352665 -0.019924577 -0.000381543 0.003817332 -0.001991911 -0.009630340 0.999944389
1341846229.200000 0.041059956 -0.023217116 -0.000683598 0.003676757 -0.001773655 -0.009835272 0.999943316
1341846229.230000 0.040024981 -0.025785284 -0.000606101 0.004549484 -0.002243832 -0.009193576 0.999944866
1341846229.260000 0.040831733 -0.023386359 -0.003431371 0.005997160 -0.002842305 -0.010117885 0.999926805
1341846229.300000 0.039634883 -0.020717066 -0.005569662 0.006377236 -0.002883024 -0.011131380 0.999913573
1341846229.330000 0.039520979 -0.021269299 -0.005117341 0.006241450 -0.003610052 -0.011496043 0.999907911
1341846229.360000 0.040670063 -0.024603201 -0.003126573 0.005860870 -0.004314365 -0.010957574 0.999913454
1341846229.400000 0.042710155 -0.032907728 -0.001957727 0.007136543 -0.004196710 -0.010864376 0.999906719
1341846229.430000 0.040243026 -0.028417587 -0.005072190 0.010406740 -0.004196336 -0.010315538 0.999883831
1341846229.470000 0.041517854 -0.024006426 -0.006384594 0.011687510 -0.004525861 -0.010079129 0.999870658
1341846229.530000 0.040558159 -0.024601391 -0.009392442 0.013437443 -0.003459037 -0.008297735 0.999869287
1341846229.570000 0.041981604 -0.026884083 -0.009465418 0.013279930 -0.003704343 -0.006517165 0.999883711
1341846229.630000 0.043758679 -0.024661085 -0.010412196 0.016851017 -0.001707124 -0.003445602 0.999850571
1341846229.670000 0.041049819 -0.023603722 -0.011901440 0.016405504 -0.001010904 -0.002841247 0.999860823
1341846229.700000 0.046009410 -0.032197151 -0.009584872 0.016052630 -0.001376844 -0.001208794 0.999869466
1341846229.730000 0.048029453 -0.033901196 -0.010350479 0.018891299 -0.000054373 -0.000497511 0.999821424
1341846229.770000 0.044669718 -0.026560774 -0.016771479 0.020337848 0.001719379 -0.000619683 0.999791503
1341846229.800000 0.043969706 -0.025340386 -0.016357884 0.018573346 0.001830297 -0.000593562 0.999825656
1341846229.830000 0.045749281 -0.031631619 -0.011274017 0.017693415 0.001874137 -0.001118468 0.999841094
1341846229.870000 0.045768760 -0.030879188 -0.012388488 0.019450866 0.002789994 -0.001394866 0.999805987
1341846229.900000 0.042461358 -0.024755631 -0.016045457 0.019966541 0.003568242 -0.002168980 0.999791920
1341846229.940000 0.042899650 -0.022653474 -0.013554255 0.018210128 0.003657282 -0.002406572 0.999824584
1341846230.000000 0.040713873 -0.017840303 -0.014789953 0.016049003 0.005104135 -0.003748989 0.999851108
1341846230.030000 0.042889774 -0.020474305 -0.011629062 0.013003455 0.004390486 -0.004336400 0.999896407
1341846230.070000 0.045118261 -0.022932498 -0.010426437 0.012536138 0.004803904 -0.003102644 0.999905050
1341846230.100000 0.046060469 -0.020640632 -0.010776038 0.012809969 0.005505532 -0.002326753 0.999900103
1341846230.140000 0.042953301 -0.018688403 -0.011870116 0.012038404 0.006070020 -0.002444402 0.999906123
1341846230.170000 0.044446852 -0.023379849 -0.009504259 0.011186676 0.006321976 -0.001252750 0.999916673
1341846230.210000 0.043980319 -0.022112489 -0.012055369 0.012217462 0.007070596 -0.000152200 0.999900341
1341846230.270000 0.044424731 -0.026078887 -0.010402869 0.010506646 0.006927744 0.000331924 0.999920726
1341846230.330000 0.046835601 -0.027493820 -0.010762915 0.014585338 0.007158425 0.002037521 0.999865949
1341846230.370000 0.048288673 -0.030024761 -0.010385329 0.016155304 0.007917284 0.000836205 0.999837816
1341846230.400000 0.048590969 -0.027339857 -0.012904245 0.018543871 0.008800290 0.000137842 0.999789298
1341846230.440000 0.047564875 -0.028857134 -0.012949841 0.019919675 0.009582071 -0.001110967 0.999755025
1341846230.470000 0.046240717 -0.026842643 -0.015018173 0.021548742 0.010183697 -0.002395537 0.999713063
1341846230.500000 0.045199085 -0.022238230 -0.017432233 0.021952629 0.010402070 -0.003018809 0.999700367
1341846230.540000 0.045313269 -0.025281359 -0.015585065 0.020850778 0.009912858 -0.003035678 0.999728858
1341846230.570000 0.050702009 -0.026252735 -0.010600280 0.022417922 0.008664694 -0.002855415 0.999707043
1341846230.600000 0.049220823 -0.027747042 -0.015326647 0.023953097 0.008141668 -0.002990392 0.999675453
1341846230.640000 0.049267799 -0.027227107 -0.017052399 0.025165683 0.007628632 -0.002694057 0.999650598
1341846230.670000 0.046658348 -0.020894289 -0.019939359 0.025345895 0.007400903 -0.003184908 0.999646306
1341846230.710000 0.046577912 -0.024269337 -0.016671145 0.023806650 0.006808804 -0.004021486 0.999685287
1341846230.740000 0.049530409 -0.029616913 -0.014941012 0.024035361 0.006205855 -0.003567950 0.999685466
1341846230.770000 0.055637673 -0.025199832 -0.012278678 0.025771961 0.005114032 -0.001777391 0.999653161
1341846230.810000 0.049231373 -0.027499923 -0.018307287 0.025632992 0.005473619 -0.002672750 0.999652863
1341846230.840000 0.047967203 -0.028175928 -0.016744751 0.025671214 0.005401578 -0.003949992 0.999648035
1341846230.870000 0.050937772 -0.031189093 -0.017714927 0.026274135 0.005342295 -0.003319699 0.999634981
1341846230.910000 0.046970330 -0.027261544 -0.018540276 0.027270887 0.005545669 -0.003265237 0.999607325
1341846230.940000 0.047955818 -0.028132426 -0.018753584 0.026975632 0.004283809 -0.003878574 0.999619365
1341846230.970000 0.049092352 -0.031683512 -0.015835207 0.027284741 0.003688441 -0.003566242 0.999614537
1341846231.010000 0.049997974 -0.031442195 -0.016570004 0.028510876 0.003535928 -0.002630824 0.999583781
1341846231.040000 0.046877533 -0.029340038 -0.019504700 0.028734026 0.003300138 -0.003057117 0.999576986
1341846231.070000 0.047863387 -0.030830679 -0.017311182 0.028410098 0.002620466 -0.003452687 0.999586940
1341846231.110000 0.047858920 -0.034042209 -0.016502146 0.029298721 0.002249394 -0.002927860 0.999563873
1341846231.140000 0.047534674 -0.032167092 -0.019942397 0.030624563 0.001700652 -0.002580181 0.999526203
1341846231.170000 0.047319796 -0.030719880 -0.019845692 0.030759932 0.001237066 -0.003365471 0.999520361
1341846231.210000 0.050584666 -0.034189712 -0.018339440 0.031177051 0.000719320 -0.003668482 0.999506831
1341846231.240000 0.055359457 -0.027711531 -0.019069273 0.033303637 0.000351280 -0.003116725 0.999440312
1341846231.270000 0.052478328 -0.029900081 -0.018516807 0.033063538 0.000339428 -0.003444238 0.999447227
1341846231.310000 0.051914815 -0.032986831 -0.020155802 0.033862993 0.000198064 -0.003130787 0.999421537
1341846231.340000 0.048750296 -0.025768226 -0.022003915 0.034508914 0.000212289 -0.003113907 0.999399483
1341846231.410000 0.049249291 -0.029310808 -0.020616572 0.031701226 -0.000271216 -0.004380533 0.999487698
1341846231.440000 0.047017962 -0.029613849 -0.019837044 0.031634297 -0.000277862 -0.003173777 0.999494374
1341846231.480000 0.045847561 -0.028001709 -0.019027665 0.032003123 -0.001197492 -0.002070935 0.999484837
1341846231.520000 0.049528997 -0.027626226 -0.022691291 0.030856257 -0.001825606 -0.002885754 0.999517918
1341846231.550000 0.050320420 -0.024804639 -0.024855990 0.029108029 -0.000559274 -0.004425273 0.999566257
1341846231.580000 0.050165989 -0.024641929 -0.021680363 0.026076663 0.001094880 -0.006476887 0.999638319
1341846231.620000 0.049474303 -0.033185434 -0.019266970 0.023601485 0.002979434 -0.009792054 0.999669015
1341846231.650000 0.041132055 -0.041952554 -0.012559051 0.024156397 0.004050150 -0.012016140 0.999627769
1341846231.680000 0.045712985 -0.051120911 -0.013182066 0.027883181 0.001750506 -0.012837389 0.999527216
1341846231.720000 0.046990920 -0.049102008 -0.013853287 0.034593225 0.000674089 -0.012327690 0.999325216
1341846231.750000 0.047647100 -0.040321220 -0.018112736 0.039661616 -0.000941647 -0.012392141 0.999135911
1341846231.780000 0.049569532 -0.034124710 -0.020909788 0.041129082 -0.002134094 -0.012357065 0.999075174
1341846231.820000 0.051523685 -0.034160558 -0.018763021 0.040787440 -0.002398284 -0.012226136 0.999090195
1341846231.850000 0.047125831 -0.029364645 -0.020315770 0.040572852 -0.002304414 -0.011791402 0.999104321
1341846231.910000 0.047607850 -0.031820867 -0.018314954 0.036492139 -0.004577120 -0.009983284 0.999273539
1341846231.950000 0.047698982 -0.034253918 -0.017735898 0.036127452 -0.005356470 -0.009228554 0.999290228
1341846231.980000 0.048483472 -0.035046518 -0.019949172 0.035889521 -0.005659239 -0.009615297 0.999293447
1341846232.010000 0.047084894 -0.028544633 -0.017383685 0.035503451 -0.005985609 -0.009424319 0.999307156
1341846232.050000 0.046338245 -0.035237283 -0.015263800 0.034151342 -0.007242221 -0.007939832 0.999358833
1341846232.080000 0.048583716 -0.033526823 -0.016070774 0.034961242 -0.008782038 -0.006919827 0.999326110
1341846232.110000 0.049831983 -0.034838930 -0.017318252 0.034633718 -0.009294935 -0.007853640 0.999325931
1341846232.150000 0.051261522 -0.032832451 -0.017507635 0.034437075 -0.009307763 -0.008794056 0.999324799
1341846232.180000 0.053152423 -0.035226956 -0.018745985 0.033610132 -0.009323246 -0.008822317 0.999352574
1341846232.220000 0.055886798 -0.034303557 -0.017260915 0.034355093 -0.009455452 -0.008115171 0.999332011
1341846232.250000 0.057204608 -0.035229694 -0.018816913 0.035324950 -0.009480610 -0.006740279 0.999308169
1341846232.280000 0.057701167 -0.036827397 -0.019626360 0.035650451 -0.009803608 -0.004955158 0.999303937
1341846232.320000 0.057742476 -0.032312881 -0.019408299 0.035907093 -0.009542855 -0.004200369 0.999300718
1341846232.350000 0.056218315 -0.031141547 -0.019165559 0.034094062 -0.008856971 -0.005506654 0.999364197
1341846232.380000 0.053673223 -0.032021113 -0.015872024 0.031756431 -0.008428824 -0.007893247 0.999428928
1341846232.420000 0.052410059 -0.038481601 -0.012602488 0.030375231 -0.009250944 -0.009325013 0.999452233
1341846232.450000 0.064280264 -0.039281569 -0.011701918 0.031576753 -0.011200547 -0.008279374 0.999404252
1341846232.480000 0.066371575 -0.037942078 -0.017584391 0.032633826 -0.011439289 -0.007822352 0.999371290
1341846232.520000 0.065407194 -0.037272997 -0.010710689 0.033726539 -0.011161610 -0.007355277 0.999341667
1341846232.550000 0.068470575 -0.037192475 -0.010330581 0.034237757 -0.011838988 -0.007585980 0.999314785
1341846232.580000 0.067611553 -0.039391588 -0.010526753 0.035320520 -0.011357149 -0.007732630 0.999281585
1341846232.620000 0.066546462 -0.038056724 -0.011507824 0.037464291 -0.010665529 -0.006674596 0.999218762
1341846232.650000 0.065555334 -0.039494682 -0.011781828 0.038322419 -0.010195705 -0.006996112 0.999188900
1341846232.690000 0.062636428 -0.040454477 -0.011793304 0.039665233 -0.009490079 -0.007596216 0.999139130
1341846232.720000 0.064012624 -0.041709032 -0.012871710 0.041684952 -0.008901083 -0.008209773 0.999057412
1341846232.750000 0.063797511 -0.041432340 -0.012822876 0.043506540 -0.007970408 -0.008986425 0.998980939
1341846232.790000 0.062540747 -0.042527467 -0.013846057 0.045128793 -0.006991607 -0.009838022 0.998908281
1341846232.820000 0.065703228 -0.043056849 -0.013521397 0.047121704 -0.006308562 -0.010308317 0.998816013
1341846232.860000 0.062649585 -0.042326652 -0.012536318 0.049255401 -0.005278601 -0.011390829 0.998707294
1341846232.890000 0.066100352 -0.039668087 -0.013298916 0.050976288 -0.004839475 -0.011843664 0.998617887
1341846232.920000 0.063288443 -0.041145843 -0.011075772 0.051294778 -0.003837211 -0.012680673 0.998595655
1341846232.960000 0.063059762 -0.041027986 -0.013446388 0.052370727 -0.003775632 -0.012542453 0.998541772
1341846232.990000 0.066177331 -0.037393741 -0.015323011 0.052607585 -0.003378799 -0.012279502 0.998534024
1341846233.020000 0.066933081 -0.037754126 -0.014269276 0.051041525 -0.001659524 -0.012418736 0.998617947
1341846233.060000 0.065235287 -0.037583333 -0.013740269 0.049918842 0.000060033 -0.013340780 0.998664141
1341846233.090000 0.061957631 -0.039716195 -0.011582496 0.048956510 0.000658020 -0.014292179 0.998698413
1341846233.120000 0.060446639 -0.042326532 -0.011318367 0.049399570 0.000196710 -0.015445323 0.998659611
1341846233.160000 0.053176820 -0.044255268 -0.010282066 0.051323347 -0.000135225 -0.016356565 0.998548090
1341846233.220000 0.061551385 -0.038542639 -0.012591086 0.055982936 -0.002080150 -0.017861169 0.998269796
1341846233.250000 0.039129954 -0.037151124 -0.009009844 0.054864988 0.001500237 -0.020913238 0.998273611
1341846233.290000 0.060599241 -0.037292771 -0.013529112 0.053900745 -0.001401622 -0.020765595 0.998329341
1341846233.320000 0.061433893 -0.039122447 -0.012543730 0.054299876 -0.000307139 -0.020678364 0.998310506
1341846233.350000 0.060553275 -0.040151365 -0.011437634 0.054986387 0.000072523 -0.019838691 0.998290002
1341846233.390000 0.060786918 -0.039039541 -0.012765152 0.055315983 -0.000604269 -0.018906666 0.998289704
1341846233.420000 0.060481947 -0.038905680 -0.010148072 0.055262901 -0.001169717 -0.018442024 0.998300791
1341846233.450000 0.061132818 -0.040900115 -0.010051234 0.055748999 -0.002136336 -0.017702028 0.998285592
1341846233.490000 0.061490998 -0.039840829 -0.010567115 0.057102770 -0.002926879 -0.018597132 0.998190761
1341846233.520000 0.061266091 -0.038517423 -0.013486020 0.056997750 -0.003812645 -0.020211989 0.998162389
1341846233.550000 0.061079156 -0.040603746 -0.009122630 0.056683403 -0.004846997 -0.020616980 0.998167574
1341846233.590000 0.063201986 -0.042537261 -0.008481218 0.057804540 -0.005897703 -0.019890489 0.998112321
1341846233.620000 0.063984849 -0.044054572 -0.009700400 0.058526106 -0.005912805 -0.019628216 0.998075366
1341846233.650000 0.065581121 -0.040602610 -0.011196109 0.058792643 -0.005135761 -0.019791150 0.998060822
1341846233.690000 0.066288993 -0.040824868 -0.011078900 0.057911403 -0.004294540 -0.020072373 0.998110652
1341846233.720000 0.065008126 -0.041057635 -0.009087271 0.057264332 -0.003732835 -0.020112133 0.998149455
1341846233.750000 0.065856986 -0.041548382 -0.010420619 0.056746788 -0.003537804 -0.019620204 0.998189509
1341846233.820000 0.065688312 -0.041157097 -0.010180502 0.055349365 -0.002260916 -0.018280057 0.998297155
1341846233.850000 0.065335192 -0.041563496 -0.010642938 0.054316565 -0.002209267 -0.018194122 0.998355567
1341846233.890000 0.064295836 -0.041557048 -0.009632712 0.053533703 -0.002256268 -0.018588915 0.998390436
1341846233.920000 0.065764934 -0.041024342 -0.007869583 0.052755542 -0.003055463 -0.019148661 0.998419166
1341846233.950000 0.065338388 -0.042144921 -0.008005885 0.052239507 -0.003905080 -0.018926602 0.998447537
1341846233.990000 0.066008933 -0.041420363 -0.008545492 0.051982459 -0.005118032 -0.018882500 0.998456359
1341846234.020000 0.066341519 -0.041092098 -0.008425537 0.050988335 -0.005826976 -0.019076670 0.998500049
1341846234.050000 0.069038235 -0.043623630 -0.007840601 0.050215513 -0.005999075 -0.019404832 0.998531878
1341846234.090000 0.068496987 -0.042652912 -0.007400040 0.050254617 -0.005304630 -0.019890117 0.998524249
1341846234.160000 0.070175037 -0.044545531 -0.004504315 0.049617622 -0.005364940 -0.019438105 0.998564720
1341846234.190000 0.071694791 -0.043654054 -0.005297420 0.050764315 -0.005293930 -0.018542707 0.998524487
1341846234.220000 0.071521647 -0.040099151 -0.006244140 0.050871987 -0.004742281 -0.018760642 0.998517692
1341846234.260000 0.072528973 -0.040468801 -0.006160764 0.049472786 -0.004507414 -0.018098544 0.998601317
1341846234.290000 0.075197153 -0.043203380 -0.003417503 0.048766870 -0.004071733 -0.017999997 0.998639703
1341846234.320000 0.075050823 -0.045020472 -0.002876481 0.049526930 -0.003200840 -0.019313795 0.998580933
1341846234.360000 0.073960729 -0.042829014 -0.002459179 0.050305489 -0.003127157 -0.020340037 0.998521864
1341846234.390000 0.072561324 -0.043406840 -0.000994472 0.050723888 -0.003672610 -0.019392109 0.998517692
1341846234.430000 0.076534905 -0.044246826 -0.001239686 0.051772419 -0.005004834 -0.017705062 0.998489439
1341846234.460000 0.076589696 -0.038364988 -0.003158360 0.052188501 -0.005223751 -0.017554542 0.998469234
1341846234.490000 0.076463573 -0.036068320 -0.003508273 0.049566668 -0.005812670 -0.017600035 0.998598814
1341846234.530000 0.081182234 -0.042487517 -0.000048898 0.047837637 -0.006430211 -0.016458761 0.998698831
1341846234.560000 0.079681575 -0.038466603 0.000252525 0.047964025 -0.006234809 -0.015896760 0.998703063
1341846234.590000 0.078978606 -0.038133118 -0.000110649 0.046380587 -0.006893612 -0.014571754 0.998793781
1341846234.660000 0.079528004 -0.039126858 0.002308111 0.045409985 -0.009084759 -0.012327827 0.998851061
1341846234.690000 0.079022974 -0.040553741 0.002585427 0.044880621 -0.010258229 -0.012190653 0.998865306
1341846234.730000 0.079979077 -0.042895809 0.002590995 0.044755578 -0.011871395 -0.010948616 0.998867393
1341846234.760000 0.082346350 -0.042136308 0.002093304 0.045931496 -0.012943626 -0.010191229 0.998808742
1341846234.790000 0.081693679 -0.038206466 0.000356612 0.045728363 -0.012817571 -0.010786234 0.998813450
1341846234.830000 0.082598284 -0.039843980 0.002871334 0.044585232 -0.012825719 -0.010857366 0.998864233
1341846234.860000 0.081868924 -0.043122869 0.004652265 0.044313811 -0.013006447 -0.010632435 0.998876393
1341846234.890000 0.080766082 -0.043032017 0.004551400 0.045504462 -0.013452154 -0.010241888 0.998821020
1341846234.930000 0.081386365 -0.042512838 0.003285934 0.046192285 -0.013602432 -0.011248322 0.998776615
1341846234.960000 0.080097891 -0.042922541 0.003364712 0.046614811 -0.013376471 -0.012227789 0.998748541
1341846234.990000 0.078217238 -0.040639549 0.002059476 0.047528304 -0.013656760 -0.012695535 0.998695850
1341846235.030000 0.079346962 -0.035584908 0.001300923 0.046892781 -0.014588614 -0.013317022 0.998704612
1341846235.060000 0.080520786 -0.037603118 0.001764649 0.044987634 -0.014628214 -0.013862637 0.998784244
1341846235.090000 0.079398446 -0.039341811 0.002910686 0.043979183 -0.014312644 -0.014028987 0.998831391
1341846235.130000 0.077530853 -0.043095041 0.003425495 0.044062719 -0.014499689 -0.013546154 0.998831689
1341846235.160000 0.077604890 -0.042652324 0.002322160 0.045115199 -0.015845545 -0.012651181 0.998776019
1341846235.190000 0.081405431 -0.042124100 0.003247889 0.046006273 -0.016961519 -0.012038020 0.998724580
1341846235.230000 0.080935463 -0.042300776 0.002515599 0.046916369 -0.016276486 -0.012980423 0.998681843
1341846235.260000 0.078846194 -0.042232718 0.002442631 0.047167126 -0.016303906 -0.013568757 0.998661757
1341846235.290000 0.080095448 -0.043709103 0.001694485 0.047928713 -0.016727015 -0.014010953 0.998612404
1341846235.330000 0.080141418 -0.039593630 0.002505941 0.048535243 -0.016752565 -0.015212000 0.998565078
1341846235.360000 0.080220051 -0.034602109 0.000490347 0.047512006 -0.016034404 -0.017599937 0.998586893
1341846235.400000 0.079602875 -0.035272840 0.003902442 0.045003828 -0.015761686 -0.019150050 0.998678863
1341846235.460000 0.079979621 -0.038813867 0.005086009 0.044861268 -0.016091255 -0.019296451 0.998677254
1341846235.500000 0.079350002 -0.035301171 0.003363027 0.044405945 -0.015818654 -0.021052638 0.998666465
1341846235.530000 0.078058042 -0.039231446 0.004677361 0.042847212 -0.015923085 -0.022246324 0.998706996
1341846235.560000 0.079692565 -0.041762013 0.006394566 0.043782104 -0.016552979 -0.022246297 0.998656213
1341846235.600000 0.078580007 -0.036318842 0.002803042 0.044941131 -0.016528200 -0.022467880 0.998600185
1341846235.630000 0.078107849 -0.038433611 0.003716331 0.043442845 -0.016951624 -0.023116644 0.998644590
1341846235.670000 0.077734359 -0.042572163 0.005723629 0.043656878 -0.017455848 -0.022551447 0.998639464
1341846235.710000 0.078527212 -0.042528208 0.004329472 0.045044970 -0.017875796 -0.022978373 0.998560667
1341846235.730000 0.077375710 -0.041145168 0.003009769 0.045433745 -0.017606549 -0.024314689 0.998516202
1341846235.770000 0.077776544 -0.044034064 0.003706036 0.046334177 -0.017675407 -0.024606984 0.998466432
1341846235.800000 0.076408133 -0.042430278 0.002029804 0.047740903 -0.017962083 -0.024861792 0.998388708
1341846235.830000 0.078917190 -0.041951302 0.003465236 0.048234228 -0.018147033 -0.024478106 0.998371184
1341846235.870000 0.077593669 -0.040221013 0.002225528 0.048582692 -0.017923206 -0.023726353 0.998376429
1341846235.900000 0.078209750 -0.044572975 0.001884729 0.048199587 -0.017831197 -0.022236515 0.998430967
1341846235.930000 0.081628136 -0.046428178 0.003418345 0.049969707 -0.017605219 -0.020704418 0.998380899
1341846235.970000 0.079872444 -0.042562909 -0.000294909 0.051623579 -0.016369505 -0.020877093 0.998314142
1341846236.000000 0.081949949 -0.040708300 -0.001311278 0.051354542 -0.015827399 -0.020681031 0.998340845
1341846236.030000 0.080793440 -0.045964442 0.000377545 0.051050939 -0.014708288 -0.020425539 0.998378813
1341846236.070000 0.077947497 -0.043893110 -0.001650012 0.052763604 -0.013770635 -0.020554634 0.998300493
1341846236.100000 0.079483174 -0.038144287 -0.004022862 0.052658521 -0.014163044 -0.020859689 0.998294234
1341846236.130000 0.079382062 -0.043012727 -0.002478038 0.051235829 -0.014220760 -0.020268066 0.998379648
1341846236.170000 0.080151826 -0.043600932 -0.003146980 0.051899012 -0.014401725 -0.019761587 0.998352945
1341846236.200000 0.079808652 -0.036229189 -0.004896054 0.052214921 -0.013816298 -0.020554727 0.998328745
1341846236.230000 0.079102777 -0.038329102 -0.003484568 0.049869206 -0.013556747 -0.020652831 0.998450160
1341846236.270000 0.079247832 -0.042316858 -0.002694521 0.049260922 -0.013311059 -0.019448215 0.998507857
1341846236.300000 0.080437265 -0.041816290 -0.002654702 0.049859211 -0.013397338 -0.019083830 0.998484015
1341846236.330000 0.079813376 -0.040235016 -0.003989042 0.050033018 -0.013087876 -0.019863740 0.998464227
1341846236.370000 0.080924124 -0.040655170 -0.004411010 0.049596429 -0.012602658 -0.020114614 0.998487234
1341846236.400000 0.079819828 -0.041082919 -0.004051740 0.049346253 -0.011804799 -0.020210184 0.998507440
1341846236.430000 0.079721428 -0.042151578 -0.003701273 0.049525779 -0.011534623 -0.020999378 0.998485446
1341846236.470000 0.082693271 -0.043372121 -0.003771864 0.050116196 -0.011568210 -0.020609478 0.998463750
1341846236.500000 0.082972832 -0.041442003 -0.004520712 0.050976064 -0.010839134 -0.020021778 0.998440325
1341846236.530000 0.082600057 -0.037862219 -0.005832376 0.050327946 -0.010292099 -0.019125922 0.998496592
1341846236.570000 0.083254375 -0.042674020 -0.004108910 0.049330685 -0.009686676 -0.016859224 0.998593211
1341846236.600000 0.083384886 -0.041957110 -0.004834775 0.050377443 -0.009412918 -0.015980439 0.998558044
1341846236.640000 0.083281316 -0.036513891 -0.007611386 0.050006699 -0.008611718 -0.016622312 0.998573422
1341846236.670000 0.083688080 -0.038797081 -0.006662643 0.047567733 -0.007692357 -0.017666319 0.998682141
1341846236.700000 0.085404038 -0.046512730 -0.004148237 0.046538115 -0.006502063 -0.018162806 0.998730183
1341846236.740000 0.082494691 -0.060651828 -0.007227445 0.049449336 -0.005656051 -0.016048640 0.998631656
1341846236.770000 0.081461243 -0.055198334 -0.009079252 0.059475284 -0.006731690 -0.012347219 0.998130739
1341846236.810000 0.084119812 -0.046037141 -0.008426504 0.062643893 -0.008092716 -0.012908354 0.997919679
1341846236.840000 0.086558282 -0.045142766 -0.008303594 0.062586345 -0.008299762 -0.014058066 0.997906029
1341846236.880000 0.085431829 -0.039336335 -0.010184407 0.062205739 -0.007765523 -0.015977731 0.997905254
1341846236.910000 0.084462203 -0.040773232 -0.009862645 0.058886446 -0.007723381 -0.017514352 0.998081148
1341846236.940000 0.085617058 -0.051894087 -0.006284580 0.057619553 -0.008156580 -0.016513728 0.998168707
1341846236.980000 0.084677070 -0.046622291 -0.008651568 0.060329977 -0.008073258 -0.015311636 0.998028398
1341846237.010000 0.087151453 -0.042179827 -0.010590250 0.060135812 -0.007829602 -0.015779583 0.998034775
1341846237.040000 0.086307310 -0.045701895 -0.008824887 0.058902137 -0.006442029 -0.016757017 0.998102307
1341846237.080000 0.082415424 -0.050566293 -0.008578250 0.059076924 -0.006084266 -0.015165498 0.998119712
1341846237.110000 0.084304556 -0.055482853 -0.009272605 0.061159864 -0.007497445 -0.013105695 0.998013794
1341846237.140000 0.083979592 -0.050306499 -0.010931185 0.064019628 -0.007769973 -0.012960088 0.997834206
1341846237.180000 0.084633999 -0.042060178 -0.012273911 0.064476974 -0.008153579 -0.012442248 0.997808337
1341846237.210000 0.087251961 -0.044937842 -0.011390710 0.062050693 -0.008289850 -0.012228920 0.997963667
1341846237.240000 0.087065518 -0.052725472 -0.009953481 0.061959095 -0.007161921 -0.011716129 0.997984231
1341846237.280000 0.083493210 -0.046492133 -0.012219043 0.063939452 -0.006578803 -0.010839279 0.997873247
1341846237.310000 0.083111852 -0.046128515 -0.011017608 0.063423604 -0.007326425 -0.010205952 0.997907639
1341846237.340000 0.084361762 -0.047451660 -0.010727253 0.063582756 -0.007634107 -0.009338007 0.997903705
1341846237.380000 0.085391618 -0.044884041 -0.011844006 0.063537627 -0.007338975 -0.008744691 0.997914135
1341846237.410000 0.082249872 -0.042164966 -0.011778057 0.062333137 -0.006935227 -0.009171412 0.997989178
1341846237.440000 0.084422193 -0.043809291 -0.011999456 0.060333561 -0.007392474 -0.010898331 0.998091400
1341846237.480000 0.084136307 -0.041574501 -0.011966377 0.059431389 -0.006273372 -0.013085621 0.998126924
1341846237.510000 0.078873418 -0.041688543 -0.011648223 0.057931390 -0.005807647 -0.013873441 0.998207271
1341846237.550000 0.077433430 -0.041175365 -0.011582633 0.056545060 -0.007380057 -0.013269447 0.998284578
1341846237.580000 0.079611883 -0.044147749 -0.010406787 0.055501670 -0.008571960 -0.012444679 0.998344243
1341846237.610000 0.079015702 -0.042551450 -0.010695163 0.055173784 -0.008899658 -0.012156104 0.998363078
1341846237.650000 0.078027487 -0.042470187 -0.010425745 0.054714590 -0.009267101 -0.011926999 0.998387814
1341846237.680000 0.077656411 -0.042960532 -0.010867888 0.054389909 -0.009863990 -0.011214874 0.998408020
1341846237.710000 0.076453604 -0.046084393 -0.009279851 0.054398157 -0.010447673 -0.010103916 0.998413563
1341846237.750000 0.078431949 -0.046439894 -0.010209410 0.055835284 -0.011209331 -0.010264281 0.998324275
1341846237.780000 0.076781809 -0.041477486 -0.011043851 0.056958303 -0.011194980 -0.010413992 0.998259425
1341846237.820000 0.073969334 -0.040240619 -0.012805805 0.055913739 -0.011885799 -0.009526364 0.998319387
1341846237.850000 0.075142033 -0.039733235 -0.011532472 0.054681044 -0.013181554 -0.008701395 0.998378932
1341846237.880000 0.077260159 -0.041022427 -0.012097605 0.053916309 -0.013770852 -0.008996946 0.998409927
1341846237.920000 0.074198589 -0.039456192 -0.011540977 0.052947588 -0.013787530 -0.009386809 0.998457968
1341846237.980000 0.076992840 -0.040323902 -0.011632343 0.052081808 -0.014143763 -0.009220632 0.998500109
1341846238.010000 0.075971320 -0.037617117 -0.011542466 0.051563285 -0.014015171 -0.010026661 0.998521030
1341846238.050000 0.074796900 -0.037552018 -0.011458213 0.050200745 -0.013880340 -0.009860721 0.998593986
1341846238.080000 0.076020226 -0.038426988 -0.010146571 0.049051758 -0.014313290 -0.009943920 0.998644173
1341846238.110000 0.077002384 -0.041187230 -0.008280026 0.048660405 -0.014322888 -0.009959320 0.998663008
1341846238.150000 0.077951998 -0.044696253 -0.008804616 0.049532600 -0.014059959 -0.010012427 0.998623312
1341846238.180000 0.076225497 -0.037906379 -0.011242589 0.050979890 -0.013191232 -0.011126596 0.998550534
1341846238.210000 0.076496564 -0.037373804 -0.009618321 0.049065452 -0.013139619 -0.012350937 0.998632729
1341846238.250000 0.076417461 -0.041590922 -0.008632516 0.048226446 -0.012936658 -0.012027265 0.998680234
1341846238.280000 0.077013791 -0.042533383 -0.008922920 0.048691183 -0.012890899 -0.011727637 0.998661816
1341846238.350000 0.077028945 -0.040994816 -0.008734649 0.048659354 -0.011893303 -0.014454234 0.998640001
1341846238.380000 0.077062808 -0.044991430 -0.007772690 0.049207982 -0.012200937 -0.014003207 0.998615861
1341846238.410000 0.076666370 -0.042770728 -0.008040020 0.050683815 -0.012912073 -0.013477722 0.998540342
1341846238.450000 0.077889249 -0.039700143 -0.009107297 0.051264919 -0.013149661 -0.014648345 0.998491049
1341846238.480000 0.077923119 -0.040553827 -0.008713145 0.050647795 -0.012816479 -0.015670786 0.998511374
1341846238.520000 0.076305084 -0.043849993 -0.007487414 0.050726861 -0.012754956 -0.015760833 0.998506725
1341846238.550000 0.076113872 -0.044464011 -0.008459686 0.051723573 -0.013343941 -0.015815031 0.998447061
1341846238.590000 0.079198942 -0.044024903 -0.008752205 0.052429494 -0.013553529 -0.016116099 0.998402596
1341846238.650000 0.076322347 -0.039149132 -0.009884771 0.051433783 -0.012213908 -0.016384518 0.998467267
1341846238.680000 0.076676175 -0.044614758 -0.008269866 0.050176959 -0.012493756 -0.015967200 0.998534501
1341846238.710000 0.078599915 -0.045705013 -0.006916084 0.050801858 -0.012792982 -0.014629036 0.998519659
1341846238.750000 0.076582104 -0.042876542 -0.008245341 0.051790450 -0.012607435 -0.014330169 0.998475552
1341846238.780000 0.076876439 -0.040896505 -0.008667467 0.051048484 -0.013149288 -0.014589609 0.998503029
1341846238.810000 0.080199242 -0.040242221 -0.007500306 0.050185174 -0.013016095 -0.015262683 0.998538494
1341846238.850000 0.077209868 -0.041939694 -0.006772170 0.048787937 -0.012257271 -0.015823729 0.998608589
1341846238.880000 0.075307347 -0.047275856 -0.004751136 0.048689283 -0.013040618 -0.015115372 0.998614430
1341846238.910000 0.076675214 -0.051005013 -0.004734078 0.050549094 -0.015013123 -0.012533365 0.998530090
1341846238.950000 0.077935413 -0.053697970 -0.003668442 0.053720105 -0.016632376 -0.010607506 0.998361170
1341846239.020000 0.080093019 -0.044588801 -0.007669976 0.057438135 -0.016758505 -0.014264885 0.998106480
1341846239.050000 0.077245027 -0.045022272 -0.007141294 0.057452176 -0.015836228 -0.015985761 0.998094618
1341846239.080000 0.077300996 -0.045386720 -0.006447924 0.057897791 -0.015981384 -0.017167633 0.998046935
1341846239.120000 0.077869892 -0.045710459 -0.007248655 0.058533106 -0.015875552 -0.018393995 0.997989714
1341846239.150000 0.077830635 -0.045003697 -0.007642485 0.059018433 -0.015114544 -0.018765086 0.997966051
1341846239.180000 0.075022250 -0.040593456 -0.008636536 0.058822982 -0.014533844 -0.018750167 0.997986495
1341846239.220000 0.074687660 -0.039621010 -0.007731778 0.057080649 -0.014768554 -0.018961810 0.998080194
1341846239.250000 0.076705016 -0.040822808 -0.006515874 0.055764679 -0.014519454 -0.018955134 0.998158395
1341846239.290000 0.076700337 -0.040952999 -0.006327315 0.054797292 -0.013832575 -0.019011110 0.998220682
1341846239.320000 0.076507829 -0.038187839 -0.005659265 0.053937014 -0.013124809 -0.019016236 0.998276949
1341846239.350000 0.076797776 -0.041268524 -0.005309036 0.052010275 -0.012753200 -0.018524148 0.998393297
1341846239.390000 0.075999178 -0.041175716 -0.004487396 0.052116908 -0.012105690 -0.017611176 0.998412311
1341846239.420000 0.075675003 -0.040307786 -0.004160137 0.052413087 -0.012203346 -0.017480185 0.998397887
1341846239.450000 0.075443067 -0.037701380 -0.005300418 0.051977191 -0.012162214 -0.017489355 0.998421013
1341846239.490000 0.076401345 -0.037609957 -0.004856649 0.050900314 -0.012076894 -0.016776832 0.998489797
1341846239.520000 0.075634003 -0.038011689 -0.003518242 0.049733166 -0.011544889 -0.016326897 0.998562336
1341846239.550000 0.075369917 -0.037082329 -0.004517216 0.048905000 -0.011428182 -0.016034285 0.998609304
1341846239.590000 0.076357231 -0.038134392 -0.003353888 0.047720514 -0.011570372 -0.015182742 0.998678267
1341846239.620000 0.076956548 -0.039433107 -0.001058306 0.047847919 -0.011478485 -0.014334847 0.998685777
1341846239.650000 0.075247593 -0.040569864 -0.002300183 0.048573710 -0.011402678 -0.013519519 0.998663008
1341846239.690000 0.076581962 -0.038446128 -0.002465861 0.049063154 -0.011847544 -0.013196853 0.998638213
1341846239.720000 0.074256487 -0.037246458 -0.001919002 0.048773132 -0.012074793 -0.012688200 0.998656273
1341846239.750000 0.076235645 -0.040131789 -0.001078977 0.048435677 -0.012337982 -0.012461904 0.998672366
1341846239.790000 0.073932879 -0.035756264 -0.003033652 0.048316363 -0.012103082 -0.012522316 0.998680234
1341846239.820000 0.074191965 -0.041620396 -0.001594902 0.047318269 -0.012760944 -0.012117800 0.998724818
1341846239.850000 0.075183988 -0.042291466 -0.002407791 0.048590925 -0.013228944 -0.011541579 0.998664439
1341846239.890000 0.074273258 -0.037105870 -0.003268037 0.049014747 -0.013221649 -0.012255792 0.998635352
1341846239.950000 0.073942229 -0.040875487 -0.001616820 0.047952779 -0.012922417 -0.013083403 0.998680294
1341846239.990000 0.072357215 -0.038593348 -0.003144523 0.048755363 -0.013173068 -0.013597178 0.998631299
1341846240.020000 0.073923804 -0.038692910 -0.002305754 0.048671782 -0.013767845 -0.015068961 0.998606265
1341846240.050000 0.073663205 -0.041313991 -0.001039198 0.049059696 -0.013449855 -0.015656069 0.998582542
1341846240.090000 0.073392205 -0.042182904 -0.000932385 0.050116234 -0.013512962 -0.015466560 0.998532176
1341846240.120000 0.072759166 -0.043032113 -0.001781146 0.050618608 -0.013898612 -0.016327735 0.998487830
1341846240.160000 0.074543238 -0.043826871 -0.001207386 0.052126482 -0.013851676 -0.017136231 0.998397350
1341846240.200000 0.073625408 -0.040860422 -0.004948158 0.053249490 -0.013173790 -0.017295999 0.998344541
1341846240.230000 0.071735628 -0.040696580 -0.004200677 0.053288363 -0.013123483 -0.016901473 0.998349845
1341846240.290000 0.073670670 -0.041618083 -0.003690911 0.054610603 -0.013790907 -0.015761223 0.998288035
1341846240.320000 0.074282773 -0.039893392 -0.004994615 0.054511148 -0.014297888 -0.015649470 0.998288095
1341846240.360000 0.072560295 -0.040451337 -0.003474293 0.053463101 -0.014694457 -0.015014736 0.998348773
1341846240.420000 0.065443248 -0.042513337 -0.005667966 0.055604085 -0.013629165 -0.016732227 0.998219669
1341846240.460000 0.069557086 -0.042636525 -0.012332443 0.055707105 -0.014432598 -0.017531134 0.998188913
1341846240.490000 0.064084753 -0.040229123 -0.007720030 0.055813719 -0.014691447 -0.017528273 0.998179197
1341846240.530000 0.065321684 -0.042112418 -0.005127023 0.056299813 -0.015454310 -0.018349454 0.998125672
1341846240.560000 0.066725224 -0.043022890 -0.006939603 0.057242792 -0.015693245 -0.019356618 0.998049259
1341846240.590000 0.064705998 -0.041703355 -0.008524023 0.057697076 -0.015698757 -0.019890020 0.998012483
1341846240.630000 0.063656554 -0.041831195 -0.006828177 0.057908285 -0.016083671 -0.019952415 0.997992933
1341846240.660000 0.062426124 -0.043678712 -0.006824748 0.058019325 -0.016432174 -0.020482520 0.997970045
1341846240.690000 0.063056573 -0.042220775 -0.007969934 0.059346825 -0.016524006 -0.020916736 0.997881472
1341846240.730000 0.065451212 -0.041671924 -0.008708291 0.059133764 -0.017343407 -0.020390330 0.997891068
1341846240.760000 0.071213059 -0.043317076 -0.011201756 0.059056267 -0.018449835 -0.019780526 0.997888088
1341846240.790000 0.068925343 -0.046808783 -0.010886856 0.060042001 -0.018391216 -0.019983703 0.997826338
1341846240.830000 0.069001794 -0.043587379 -0.009502269 0.061129205 -0.018420542 -0.020279475 0.997753799
1341846240.860000 0.067725264 -0.039530482 -0.009742118 0.060831334 -0.018032435 -0.020323439 0.997778177
1341846240.890000 0.066206917 -0.040767439 -0.008148286 0.059595756 -0.017838545 -0.020594075 0.997850716
1341846240.930000 0.066304818 -0.040923141 -0.007574496 0.059247710 -0.017802093 -0.020320754 0.997877657
1341846240.960000 0.067444667 -0.041459791 -0.009291054 0.058832437 -0.018037919 -0.019893436 0.997906625
1341846240.990000 0.066166028 -0.042098694 -0.008027127 0.058404900 -0.017947705 -0.020259697 0.997925997
1341846241.030000 0.071469031 -0.042523511 -0.011470116 0.059231065 -0.018750627 -0.019762162 0.997872531
1341846241.060000 0.069614545 -0.041226994 -0.009314790 0.060151163 -0.018130777 -0.020408530 0.997815907
1341846241.090000 0.065165676 -0.038465880 -0.008890370 0.059252806 -0.017440539 -0.021555189 0.997857869
1341846241.130000 0.065044664 -0.042996623 -0.007660055 0.058159601 -0.017581031 -0.021557750 0.997919619
1341846241.170000 0.066117376 -0.044292606 -0.008832525 0.059238836 -0.017655022 -0.021840865 0.997848690
1341846241.230000 0.066332325 -0.042596526 -0.007969064 0.059042171 -0.017534263 -0.023307301 0.997829318
1341846241.260000 0.064818934 -0.042653855 -0.009615560 0.059508443 -0.017535014 -0.023453077 0.997798204
1341846241.300000 0.063923694 -0.042469442 -0.010758049 0.059486486 -0.017468465 -0.024437310 0.997777045
1341846241.330000 0.064573519 -0.042866267 -0.010228884 0.058778007 -0.017368052 -0.025190411 0.997802019
1341846241.360000 0.065345950 -0.041906100 -0.009729371 0.058775734 -0.017146258 -0.025337825 0.997802258
1341846241.390000 0.061361559 -0.041965351 -0.017565416 0.058752228 -0.016782472 -0.025556955 0.997804224
1341846241.430000 0.066844590 -0.040961429 -0.010812023 0.059227634 -0.017567478 -0.025496462 0.997764170
1341846241.460000 0.066882126 -0.040942684 -0.011826353 0.059229191 -0.017656632 -0.025588645 0.997760177
1341846241.500000 0.066022307 -0.041240260 -0.010847731 0.059125688 -0.017212844 -0.025851073 0.997767270
1341846241.530000 0.066413939 -0.041197315 -0.011891932 0.058815807 -0.017376164 -0.026100086 0.997776330
1341846241.560000 0.065568626 -0.041484203 -0.010164771 0.058382180 -0.017542467 -0.026166433 0.997797132
1341846241.600000 0.065849818 -0.042064752 -0.010609826 0.058667272 -0.017532997 -0.026342135 0.997775972
1341846241.630000 0.066358477 -0.041114066 -0.011240069 0.059056789 -0.017460512 -0.026097180 0.997760653
1341846241.660000 0.065993451 -0.040924661 -0.011521178 0.059216596 -0.017409857 -0.025918175 0.997756779
1341846241.700000 0.066021979 -0.041252032 -0.011701073 0.059416525 -0.017189858 -0.026171569 0.997742057
1341846241.730000 0.066337034 -0.040721782 -0.012487939 0.059264541 -0.017232616 -0.026183335 0.997750044
1341846241.770000 0.066454366 -0.040874261 -0.010887193 0.059360106 -0.017273735 -0.026465964 0.997736216
1341846241.800000 0.066201836 -0.040971775 -0.011322899 0.059892241 -0.017140204 -0.026431011 0.997707665
1341846241.830000 0.066315167 -0.041414224 -0.011971418 0.059972249 -0.017039090 -0.026606327 0.997699916
1341846241.870000 0.066476420 -0.040968567 -0.012008464 0.059879445 -0.017225904 -0.026810490 0.997696817
1341846241.900000 0.066034079 -0.041305102 -0.010739919 0.060024235 -0.017225197 -0.026713751 0.997690737
1341846241.930000 0.066457666 -0.041402992 -0.011546116 0.060721841 -0.017116273 -0.027109755 0.997639656
1341846241.970000 0.066702366 -0.041498698 -0.012928989 0.060170613 -0.016947547 -0.027464069 0.997666240
1341846242.000000 0.065452762 -0.041130155 -0.011148565 0.060167633 -0.016896658 -0.027400767 0.997669101
1341846242.030000 0.066201173 -0.041272253 -0.012560586 0.060399882 -0.016853405 -0.026608929 0.997677207
1341846242.070000 0.066391088 -0.041433383 -0.010468278 0.061164234 -0.016764643 -0.027471606 0.997608721
1341846242.100000 0.065938078 -0.041246787 -0.010728694 0.062287822 -0.016681546 -0.026746592 0.997560322
1341846242.130000 0.065659732 -0.041484118 -0.011110744 0.062788434 -0.016726403 -0.025355063 0.997564495
1341846242.170000 0.065573849 -0.040966872 -0.012011154 0.063525774 -0.016597696 -0.025791632 0.997508824
1341846242.200000 0.066067532 -0.040818125 -0.011404842 0.064059958 -0.016422298 -0.027448064 0.997433305
1341846242.230000 0.051693100 -0.048313662 0.004738843 0.064727910 -0.015414444 -0.027939044 0.997392654
1341846242.270000 0.065058388 -0.042803839 -0.008505134 0.066050701 -0.016437946 -0.026925435 0.997317493
1341846242.300000 0.066164695 -0.040687311 -0.013061538 0.065592490 -0.016008602 -0.027414402 0.997341394
1341846242.330000 0.066406168 -0.040399499 -0.013115454 0.065807179 -0.015832722 -0.027314575 0.997332752
1341846242.370000 0.066483267 -0.039956786 -0.013762548 0.066728540 -0.015717940 -0.026764641 0.997288287
1341846242.400000 0.067040972 -0.039625298 -0.013509287 0.066691294 -0.016264772 -0.027100978 0.997272909
1341846242.430000 0.066596508 -0.039437398 -0.011834624 0.066927977 -0.016019717 -0.027764881 0.997242749
1341846242.470000 0.065773651 -0.039405234 -0.011476576 0.068065450 -0.015447224 -0.027762387 0.997174859
1341846242.500000 0.066756546 -0.039561614 -0.013737991 0.068237320 -0.015710004 -0.027849933 0.997156620
1341846242.530000 0.066937342 -0.040187646 -0.014851239 0.067401126 -0.015815174 -0.028425705 0.997195542
1341846242.570000 0.066261955 -0.040177573 -0.012779344 0.067384437 -0.015109937 -0.028825076 0.997196138
1341846242.600000 0.066629820 -0.040107876 -0.014775073 0.067301437 -0.015095841 -0.028357705 0.997215331
1341846242.630000 0.066554777 -0.039816789 -0.015628260 0.066414081 -0.015242971 -0.028079692 0.997280478
1341846242.670000 0.066788077 -0.039540179 -0.015744464 0.065941431 -0.015114942 -0.028193010 0.997310579
1341846242.700000 0.066679128 -0.039477933 -0.016222211 0.065664940 -0.015052625 -0.028087730 0.997332752
1341846242.740000 0.066843674 -0.039000779 -0.016644694 0.065395333 -0.015491211 -0.028085023 0.997343838
1341846242.770000 0.066798903 -0.039206702 -0.015432548 0.066047855 -0.015789988 -0.028423337 0.997286558
1341846242.810000 0.067490615 -0.038846713 -0.017657701 0.066323377 -0.015732009 -0.028971778 0.997253418
1341846242.870000 0.066876940 -0.039082199 -0.018269252 0.064768597 -0.015911743 -0.029774686 0.997329116
1341846242.900000 0.066626117 -0.038886648 -0.017652880 0.065047182 -0.015728824 -0.030008269 0.997306824
1341846242.940000 0.066662259 -0.038427930 -0.017590379 0.065577880 -0.016101321 -0.030062526 0.997264504
1341846242.970000 0.066715054 -0.038896900 -0.016853558 0.066296726 -0.016621659 -0.030361494 0.997199416
1341846243.010000 0.067018203 -0.038295262 -0.017723314 0.067037292 -0.016994374 -0.030076975 0.997152209
1341846243.040000 0.066688590 -0.038266469 -0.018497776 0.066677906 -0.017503565 -0.029641155 0.997180521
1341846243.070000 0.066887721 -0.037586220 -0.020999815 0.065706201 -0.017909186 -0.030122349 0.997223437
1341846243.110000 0.066737555 -0.037992574 -0.019482564 0.064658023 -0.017850708 -0.031087775 0.997263372
1341846243.140000 0.066222355 -0.037868675 -0.019178588 0.065108031 -0.017434562 -0.030492099 0.997259855
1341846243.170000 0.067106962 -0.037962399 -0.019735258 0.065137342 -0.017855303 -0.030243360 0.997258067
1341846243.210000 0.066937894 -0.037358083 -0.021403830 0.064976908 -0.017675515 -0.030877415 0.997252345
1341846243.240000 0.067229882 -0.037249535 -0.022206610 0.064107276 -0.017128853 -0.031536389 0.997297525
1341846243.270000 0.067326829 -0.037227586 -0.020577284 0.063977338 -0.016763359 -0.032088250 0.997294426
1341846243.310000 0.067268655 -0.037608415 -0.019232340 0.064699091 -0.016729496 -0.032495402 0.997235298
1341846243.340000 0.067231268 -0.037548538 -0.019493401 0.065691262 -0.016689526 -0.032489855 0.997171283
1341846243.370000 0.066883929 -0.037419863 -0.019962911 0.066633724 -0.016648088 -0.032063097 0.997123241
1341846243.410000 0.066826202 -0.037413429 -0.020434141 0.066904575 -0.017283633 -0.031744234 0.997104466
1341846243.440000 0.066538945 -0.037472107 -0.021207578 0.067034110 -0.017438581 -0.031868301 0.997089148
1341846243.470000 0.066773549 -0.037353285 -0.020007815 0.067377619 -0.017297799 -0.031947348 0.997065902
1341846243.510000 0.067027375 -0.036467686 -0.022342190 0.067372620 -0.017765513 -0.031753127 0.997064233
1341846243.540000 0.067574799 -0.036501266 -0.022025013 0.067099899 -0.017941820 -0.031964742 0.997072697
1341846243.570000 0.066943541 -0.037078265 -0.021772714 0.066921376 -0.017276458 -0.031747151 0.997103393
1341846243.610000 0.066828132 -0.037262134 -0.020416841 0.067333080 -0.016787456 -0.031723827 0.997084796
1341846243.640000 0.066711888 -0.035909653 -0.023057504 0.068220645 -0.016719950 -0.031549886 0.997031033
1341846243.670000 0.066956684 -0.036080580 -0.024325004 0.067838334 -0.016731117 -0.031777162 0.997049749
1341846243.710000 0.066829331 -0.036692847 -0.021598168 0.068139255 -0.016362833 -0.031821329 0.997033954
1341846243.740000 0.067121431 -0.036674604 -0.022993006 0.068090379 -0.016862925 -0.032051582 0.997021616
1341846243.770000 0.066735335 -0.035813540 -0.024468267 0.067496508 -0.016911320 -0.032529172 0.997045636
1341846243.810000 0.066652186 -0.036088359 -0.023553133 0.067200653 -0.016522948 -0.032362245 0.997077584
1341846243.840000 0.066843770 -0.036537722 -0.020125713 0.067662619 -0.016658368 -0.031468973 0.997072697
1341846243.870000 0.066899642 -0.036668241 -0.021761525 0.068356052 -0.017235167 -0.031048646 0.997028768
1341846243.910000 0.067365125 -0.036159772 -0.022295453 0.069141008 -0.017268736 -0.031457655 0.996961236
1341846243.980000 0.066931665 -0.036081161 -0.025443614 0.068628654 -0.015900169 -0.032039691 0.997000873
1341846244.010000 0.067291871 -0.035608221 -0.024018625 0.067982659 -0.015767094 -0.031906623 0.997051477
1341846244.040000 0.067263253 -0.036633059 -0.020752136 0.068917185 -0.015327825 -0.030876875 0.997026622
1341846244.080000 0.068258829 -0.035868116 -0.023694113 0.069644161 -0.015468791 -0.030511567 0.996985197
1341846244.120000 0.067118734 -0.036140040 -0.023481991 0.068872333 -0.015317036 -0.030387148 0.997044921
1341846244.150000 0.067221232 -0.036596797 -0.021931371 0.068371698 -0.015214176 -0.030073896 0.997090459
1341846244.180000 0.067930825 -0.036351286 -0.021907788 0.069435738 -0.015170577 -0.029306434 0.997040451
1341846244.220000 0.067860007 -0.036566656 -0.023579940 0.069199003 -0.015073399 -0.029353954 0.997056961
1341846244.250000 0.067435108 -0.036637947 -0.021760466 0.068480797 -0.015063088 -0.029626129 0.997098684
1341846244.280000 0.067577317 -0.036913864 -0.020822631 0.069413126 -0.015138954 -0.029714363 0.997030437
1341846244.320000 0.067726664 -0.035857469 -0.023464242 0.070127234 -0.015398952 -0.029574411 0.996980608
1341846244.350000 0.067068845 -0.036572859 -0.022203419 0.069776595 -0.015590834 -0.029770473 0.996996403
1341846244.380000 0.066661149 -0.036920272 -0.020343108 0.070102103 -0.016122574 -0.029125562 0.996984184
1341846244.420000 0.067041256 -0.036496431 -0.023355000 0.070403792 -0.016213985 -0.028980976 0.996965647
1341846244.450000 0.068323322 -0.035920378 -0.024927849 0.069710471 -0.015736749 -0.029423308 0.997009039
1341846244.480000 0.068706296 -0.035875868 -0.024068709 0.068712793 -0.015140571 -0.029746974 0.997077942
1341846244.520000 0.068057142 -0.036811728 -0.021302655 0.068875782 -0.014268506 -0.029391933 0.997090101
1341846244.550000 0.068473041 -0.036796112 -0.022423951 0.069750555 -0.013592115 -0.028643733 0.997060478
1341846244.580000 0.068577416 -0.036495961 -0.023776777 0.070183627 -0.013006789 -0.027078975 0.997081637
1341846244.620000 0.068022087 -0.036533978 -0.023082007 0.070017487 -0.012764770 -0.025296669 0.997143269
1341846244.650000 0.068056077 -0.037276097 -0.020811208 0.070582807 -0.012552926 -0.024260495 0.997131824
1341846244.680000 0.068833493 -0.036987223 -0.022350596 0.071418747 -0.012528533 -0.023314787 0.997095168
1341846244.720000 0.074791789 -0.035394255 -0.027193440 0.071458861 -0.012856955 -0.022533964 0.997106075
1341846244.750000 0.073812768 -0.038082417 -0.025807662 0.070831552 -0.011948768 -0.022930829 0.997153103
1341846244.790000 0.071418375 -0.037106782 -0.025258956 0.071862705 -0.011192312 -0.023468638 0.997075558
1341846244.820000 0.080761880 -0.044063196 -0.026040450 0.071718343 -0.011855640 -0.022759642 0.997094750
1341846244.850000 0.082116902 -0.048217822 -0.026788149 0.073017769 -0.011114548 -0.022322707 0.997018814
1341846244.890000 0.083539255 -0.044111032 -0.027440079 0.075187609 -0.010039895 -0.022176107 0.996872187
1341846244.920000 0.083409533 -0.045294628 -0.026720352 0.075270265 -0.008816393 -0.022238722 0.996876180
1341846244.950000 0.088704787 -0.045327291 -0.026484713 0.076096185 -0.008633434 -0.021278813 0.996836007
1341846244.990000 0.086790875 -0.042060792 -0.024735045 0.077138565 -0.007883103 -0.019855876 0.996791482
1341846245.020000 0.086822569 -0.037841290 -0.026188493 0.076551579 -0.007636955 -0.019593250 0.996843815
1341846245.050000 0.089448027 -0.039334804 -0.024579711 0.074901603 -0.007195216 -0.020255197 0.996959209
1341846245.090000 0.088769503 -0.039380334 -0.022403892 0.073837064 -0.006424067 -0.020503432 0.997038782
1341846245.120000 0.087713651 -0.041761812 -0.021649070 0.073247127 -0.005942674 -0.020544905 0.997084439
1341846245.150000 0.087737739 -0.043061372 -0.020553079 0.073396534 -0.005806827 -0.020912597 0.997066617
1341846245.190000 0.087475926 -0.044317473 -0.021697266 0.074075043 -0.005634280 -0.020823481 0.997019291
1341846245.220000 0.086760715 -0.039275248 -0.022890363 0.074552596 -0.005587944 -0.020554451 0.996989548
1341846245.260000 0.087316498 -0.039291665 -0.021508504 0.073882490 -0.005433629 -0.021324640 0.997024119
1341846245.290000 0.086850718 -0.040539727 -0.020544343 0.073463403 -0.005092275 -0.022160660 0.997038662
1341846245.320000 0.083886027 -0.040540382 -0.021608695 0.073469467 -0.004642153 -0.023490405 0.997009993
1341846245.360000 0.074547164 -0.037715185 -0.022618368 0.073609069 -0.003753074 -0.024648042 0.996975482
1341846245.390000 0.086342655 -0.042221423 -0.020326231 0.073033363 -0.005802063 -0.023853466 0.997027278
1341846245.420000 0.077314354 -0.039034668 -0.022303959 0.073804215 -0.004258330 -0.025719222 0.996931970
1341846245.460000 0.085376292 -0.042220388 -0.020636380 0.073954128 -0.005207989 -0.025193589 0.996929765
1341846245.490000 0.073170148 -0.038250607 -0.021653436 0.074812874 -0.003579383 -0.026109204 0.996849298
1341846245.520000 0.072186418 -0.036187649 -0.021577356 0.075156234 -0.003421715 -0.026207073 0.996821463
1341846245.560000 0.074453212 -0.036891442 -0.022851039 0.074926883 -0.003602255 -0.026290573 0.996835887
1341846245.590000 0.069459088 -0.036277600 -0.020250045 0.075851373 -0.002919263 -0.026262462 0.996768951
1341846245.620000 0.067983143 -0.036045678 -0.019610807 0.077133670 -0.003030557 -0.025073243 0.996700823
1341846245.660000 0.069083713 -0.035829779 -0.022334205 0.077192597 -0.003020119 -0.025233991 0.996692240
1341846245.690000 0.067944646 -0.035910185 -0.020878416 0.076530874 -0.002123746 -0.026249394 0.996719360
1341846245.720000 0.068040945 -0.036263466 -0.018556071 0.076894827 -0.001966033 -0.026058950 0.996696651
1341846245.760000 0.068214945 -0.036071442 -0.018840550 0.078090042 -0.001989932 -0.024986038 0.996631145
1341846245.790000 0.067373894 -0.035988636 -0.020059600 0.078157231 -0.001543892 -0.025013458 0.996626019
1341846245.820000 0.067300513 -0.035258744 -0.021240577 0.077850953 -0.000775593 -0.024791311 0.996656418
1341846245.860000 0.067466676 -0.036160048 -0.020248584 0.077300705 -0.000511975 -0.024130343 0.996715605
1341846245.890000 0.068221778 -0.035519481 -0.021196425 0.076396726 -0.000462899 -0.024664337 0.996772289
1341846245.930000 0.067853205 -0.035208263 -0.019676384 0.077142380 0.000429519 -0.025104463 0.996703863
1341846245.990000 0.067895912 -0.036531657 -0.018637748 0.077608079 0.000104545 -0.024768645 0.996676207
1341846246.020000 0.066195972 -0.037743177 -0.014902068 0.078106262 0.000213247 -0.025065808 0.996629834
1341846246.050000 0.066148549 -0.036700960 -0.015467093 0.079515308 0.000016108 -0.024989102 0.996520400
1341846246.090000 0.066690065 -0.037139438 -0.016165437 0.080805480 -0.001102635 -0.024444833 0.996429503
1341846246.120000 0.067296647 -0.037147418 -0.016909074 0.081421122 -0.002408785 -0.024649270 0.996372044
1341846246.150000 0.067082159 -0.036600035 -0.016343538 0.082370073 -0.002592097 -0.026671089 0.996241510
1341846246.220000 0.067066848 -0.036387164 -0.019597340 0.082435004 -0.002499811 -0.028835034 0.996176064
1341846246.250000 0.067087211 -0.036556963 -0.016395917 0.082577072 -0.002616474 -0.030657995 0.996109545
1341846246.290000 0.066550396 -0.036742195 -0.016349874 0.083628878 -0.001877193 -0.030981556 0.996013463
1341846246.320000 0.067046255 -0.036391445 -0.019595850 0.082819685 -0.000982438 -0.032219756 0.996043086
1341846246.350000 0.067111239 -0.036870249 -0.020575026 0.081009194 -0.000065023 -0.033173639 0.996161163
1341846246.390000 0.066278785 -0.037595127 -0.017781902 0.079939216 0.000895711 -0.033155490 0.996247768
1341846246.420000 0.066426516 -0.037902623 -0.016478818 0.080259882 0.001322428 -0.031334680 0.996280491
1341846246.460000 0.066277094 -0.037845712 -0.019194789 0.079443559 0.001394639 -0.028950477 0.996417940
1341846246.490000 0.066717654 -0.038196541 -0.018652307 0.078330249 0.002239875 -0.027762728 0.996538341
1341846246.520000 0.067094684 -0.038022533 -0.019095672 0.077189483 0.003995735 -0.027461179 0.996630192
1341846246.560000 0.066348374 -0.037830919 -0.016339434 0.076781034 0.005649113 -0.028161945 0.996634185
1341846246.590000 0.066174179 -0.037569094 -0.015926825 0.077491336 0.006199910 -0.027123660 0.996604741
1341846246.620000 0.066122875 -0.037900679 -0.017255165 0.077483505 0.005886207 -0.024449516 0.996676445
1341846246.660000 0.066731758 -0.038155701 -0.017176565 0.076886296 0.005299196 -0.023581468 0.996746838
1341846246.690000 0.066820204 -0.038011324 -0.016267015 0.076479591 0.004598127 -0.024199156 0.996766865
1341846246.730000 0.066414081 -0.038532488 -0.016086599 0.076310664 0.004391572 -0.025032578 0.996760130
1341846246.760000 0.066878952 -0.037864074 -0.017689988 0.075516015 0.004418336 -0.025896374 0.996798456
1341846246.790000 0.066885568 -0.038121104 -0.016658310 0.074870452 0.004409832 -0.026509823 0.996831119
1341846246.830000 0.067183882 -0.038573571 -0.014896477 0.075085178 0.003949788 -0.026627399 0.996813715
1341846246.860000 0.066511616 -0.038973976 -0.013813372 0.076095618 0.003686994 -0.026447143 0.996742904
1341846246.890000 0.066416785 -0.039177131 -0.016218169 0.075736783 0.003029146 -0.025678750 0.996792555
1341846246.930000 0.066793807 -0.039430305 -0.015079194 0.075165756 0.002366326 -0.025471861 0.996842861
1341846246.960000 0.066733249 -0.039585974 -0.014843837 0.075132094 0.002354867 -0.025480891 0.996845186
1341846246.990000 0.067273915 -0.039755955 -0.015090173 0.074973196 0.001990904 -0.026081456 0.996842444
1341846247.030000 0.066879369 -0.040500671 -0.012861129 0.074965656 0.001865727 -0.027986761 0.996791601
1341846247.060000 0.066312842 -0.040184226 -0.012029069 0.075949065 0.001763490 -0.028186547 0.996711671
1341846247.090000 0.066322654 -0.040627372 -0.012662591 0.076597713 0.001331638 -0.027547266 0.996680558
1341846247.130000 0.066437609 -0.040365428 -0.013514955 0.076418124 0.000775139 -0.027484922 0.996696711
1341846247.160000 0.066339403 -0.041310914 -0.008521730 0.077535547 0.000614607 -0.026586886 0.996634841
1341846247.190000 0.066834971 -0.040445622 -0.010351660 0.080593809 0.001786202 -0.024785206 0.996437252
1341846247.230000 0.067167602 -0.041328117 -0.010172378 0.081520759 0.001777890 -0.023147406 0.996401250
1341846247.260000 0.070748024 -0.043896243 -0.003570338 0.084660731 0.001950061 -0.023651294 0.996127188
1341846247.290000 0.068021201 -0.042944208 -0.004722821 0.088986151 0.003405670 -0.023659676 0.995746017
1341846247.330000 0.066910923 -0.040698018 -0.011658745 0.089775041 0.002832134 -0.022602405 0.995701551
1341846247.360000 0.066665687 -0.040750295 -0.013975410 0.087424584 0.001675104 -0.022106800 0.995924413
1341846247.430000 0.067069598 -0.041587640 -0.012380020 0.083150789 0.000819362 -0.022923796 0.996272922
1341846247.460000 0.066683479 -0.042124517 -0.007544389 0.082658298 0.000014473 -0.024547921 0.996275544
1341846247.490000 0.067217924 -0.042475276 -0.007771577 0.082805879 -0.000221891 -0.025426449 0.996241271
1341846247.530000 0.068490170 -0.044643324 -0.001677694 0.083601013 -0.000174742 -0.024949869 0.996186912
1341846247.560000 0.072316960 -0.046668805 0.002628328 0.085808121 -0.000432674 -0.023075314 0.996044338
1341846247.590000 0.067433089 -0.043591913 -0.004205200 0.087471835 -0.000130575 -0.022714984 0.995907962
1341846247.630000 0.067432001 -0.043165024 -0.006921530 0.085744664 -0.001069516 -0.022774784 0.996056199
1341846247.660000 0.074164763 -0.046232630 0.000941688 0.084829330 -0.002126829 -0.021550404 0.996160150
1341846247.700000 0.066670336 -0.044640623 -0.003743196 0.085548304 -0.000435115 -0.020726129 0.996118307
1341846247.730000 0.067342557 -0.044579130 -0.004601450 0.084081523 -0.001625729 -0.019391155 0.996268868
1341846247.760000 0.074293472 -0.048453011 0.005900663 0.084822476 -0.002932656 -0.017854551 0.996231794
1341846247.800000 0.074227087 -0.044523936 0.001087243 0.087092243 -0.002447673 -0.016158262 0.996066153
1341846247.830000 0.068927869 -0.043793980 -0.004840357 0.085471950 -0.001905623 -0.016205756 0.996206939
1341846247.870000 0.082667872 -0.046957672 -0.001726343 0.083830744 -0.003586287 -0.015049102 0.996359885
1341846247.900000 0.079989105 -0.048421934 0.001998799 0.086252935 -0.001935068 -0.014868130 0.996160448
1341846247.930000 0.064944543 -0.045646559 -0.006960653 0.087019533 -0.001649999 -0.015011470 0.996092141
1341846247.970000 0.071227252 -0.047706515 0.000857605 0.086140864 -0.004618462 -0.013899004 0.996175289
1341846248.000000 0.082356595 -0.047952421 0.002945032 0.088514343 -0.005693792 -0.012204466 0.995983839
1341846248.030000 0.073885933 -0.046885144 0.001856070 0.089846790 -0.003938104 -0.014103479 0.995847940
1341846248.070000 0.077311710 -0.038084846 0.000632310 0.089385323 -0.004420807 -0.013591775 0.995894551
1341846248.100000 0.089332201 -0.046315279 0.005134239 0.087915473 -0.004663197 -0.013947626 0.996019363
1341846248.130000 0.092247240 -0.042887829 0.003623428 0.089931764 -0.001167234 -0.016394023 0.995812297
1341846248.170000 0.084226169 -0.038045790 0.006895240 0.089499138 0.001779514 -0.019139133 0.995801389
1341846248.200000 0.077555828 -0.046754226 0.008461674 0.087621734 0.002365592 -0.020003276 0.995950162
1341846248.230000 0.086389810 -0.046738464 0.009657281 0.089735419 0.001652818 -0.019239943 0.995778382
1341846248.270000 0.084839173 -0.038697321 0.009617709 0.090776891 0.002563899 -0.021006700 0.995646358
1341846248.300000 0.075786293 -0.046729505 0.008026912 0.087423913 0.003307919 -0.024457425 0.995865405
1341846248.330000 0.080323108 -0.049358513 0.011622767 0.087913670 0.002286358 -0.025677456 0.995794475
1341846248.370000 0.077535853 -0.047500912 0.009204799 0.089655809 0.002710830 -0.026346214 0.995620608
1341846248.400000 0.075706951 -0.046472073 0.007924307 0.089257002 0.001939042 -0.025508199 0.995680034
1341846248.430000 0.086719073 -0.047498133 0.010291804 0.089526236 0.000423974 -0.024959685 0.995671570
1341846248.470000 0.079989940 -0.045928061 0.009538077 0.090453021 0.002689178 -0.027445188 0.995518863
1341846248.500000 0.076011769 -0.040329609 0.003379887 0.088619620 0.002821466 -0.027535418 0.995680869
1341846248.530000 0.074077204 -0.049382832 0.011308951 0.085728936 0.000817972 -0.026343161 0.995969832
1341846248.570000 0.088274345 -0.043357678 0.014090316 0.088735901 -0.001064406 -0.025103845 0.995738208
1341846248.600000 0.086479418 -0.036267269 0.011838411 0.087986708 0.000233060 -0.026267780 0.995775223
1341846248.640000 0.081937999 -0.049769178 0.014264894 0.085559174 0.000905135 -0.026672220 0.995975614
1341846248.680000 0.088679627 -0.050852798 0.012795318 0.088465050 0.000698948 -0.025262143 0.995758653
1341846248.710000 0.083350584 -0.046387583 0.012232209 0.090130582 0.002426862 -0.026265778 0.995580614
1341846248.740000 0.077273510 -0.049646497 0.011568049 0.089146420 0.002869385 -0.026864626 0.995652020
1341846248.800000 0.083355904 -0.046888955 0.012858376 0.092386723 0.001609566 -0.026415700 0.995371461
1341846248.830000 0.077850744 -0.049958698 0.013550830 0.091565043 0.002140185 -0.027378548 0.995420337
1341846248.870000 0.080743700 -0.052751828 0.016274638 0.092846304 0.001328673 -0.026066193 0.995338321
1341846248.900000 0.081032045 -0.050491735 0.014964612 0.094701879 0.001689806 -0.026493924 0.995151639
1341846248.940000 0.075118519 -0.048115686 0.010394683 0.094287798 0.002420044 -0.026997043 0.995175898
1341846248.970000 0.078552537 -0.049336046 0.011894182 0.093314633 0.001326394 -0.026947424 0.995271087
1341846249.000000 0.078037702 -0.050623924 0.014374854 0.092888772 0.001443452 -0.027236078 0.995302856
1341846249.040000 0.077082671 -0.046732012 0.012698699 0.093428724 0.001539021 -0.026541974 0.995270908
1341846249.070000 0.076053552 -0.048072971 0.013041834 0.091700859 0.000529187 -0.025517115 0.995459497
1341846249.110000 0.086955443 -0.046849143 0.013534768 0.091939576 -0.000031090 -0.024712751 0.995457888
1341846249.140000 0.081196323 -0.048516311 0.014524329 0.091854051 0.001724176 -0.025258461 0.995450616
1341846249.170000 0.080255240 -0.049398489 0.016736511 0.091691814 0.001733146 -0.023739120 0.995502889
1341846249.210000 0.087623678 -0.048472110 0.016152466 0.093460605 0.001423463 -0.022353163 0.995370984
1341846249.240000 0.088263199 -0.042215016 0.014712783 0.094005920 0.002739246 -0.022759506 0.995307684
1341846249.310000 0.088318527 -0.051313814 0.018784206 0.092494592 0.003366341 -0.022926891 0.995443463
1341846249.340000 0.089302190 -0.042311363 0.017530091 0.094420090 0.004438176 -0.022583539 0.995266378
1341846249.370000 0.088788450 -0.041200306 0.017900925 0.092819095 0.004740382 -0.023123639 0.995403171
1341846249.410000 0.093907803 -0.047760725 0.016874388 0.091315120 0.005297034 -0.023723472 0.995525301
1341846249.440000 0.091315411 -0.047810167 0.018852886 0.092460632 0.007258009 -0.024597785 0.995386004
1341846249.470000 0.088563435 -0.043144789 0.017829195 0.092128828 0.007629704 -0.024618933 0.995413482
1341846249.510000 0.091332637 -0.044845983 0.018449347 0.090642072 0.007179592 -0.024113504 0.995565653
1341846249.540000 0.092758931 -0.044182040 0.020020012 0.090746805 0.007316062 -0.024093617 0.995555580
1341846249.570000 0.090675488 -0.042146806 0.018447254 0.090242125 0.007580852 -0.024149511 0.995598137
1341846249.610000 0.089743689 -0.043547940 0.019671721 0.088738620 0.006641538 -0.021838233 0.995793343
1341846249.640000 0.089356415 -0.044936601 0.019664556 0.089020170 0.005398852 -0.020118674 0.995811999
1341846249.670000 0.091421850 -0.037879795 0.017678391 0.088281810 0.004101550 -0.018568443 0.995913982
1341846249.710000 0.089917250 -0.040349625 0.019270496 0.085301086 0.003288590 -0.018256573 0.996182501
1341846249.740000 0.090361580 -0.045050517 0.018925099 0.084774852 0.001804409 -0.016650714 0.996259332
1341846249.770000 0.088927031 -0.040935341 0.018214682 0.085686170 -0.000225097 -0.013739674 0.996227384
1341846249.810000 0.086741783 -0.039065544 0.018278293 0.084836513 -0.002912376 -0.011143063 0.996328294
1341846249.840000 0.090613782 -0.038945720 0.018864421 0.084237933 -0.005085032 -0.010021218 0.996382296
1341846249.870000 0.086573131 -0.042818416 0.016212264 0.083647437 -0.006621615 -0.008931678 0.996433377
1341846249.910000 0.086994119 -0.036800064 0.016802201 0.084134765 -0.010229054 -0.006199380 0.996382594
1341846249.940000 0.090733141 -0.037056681 0.019034529 0.083754130 -0.013518541 -0.004192617 0.996385932
1341846249.970000 0.095377885 -0.033060715 0.019564759 0.084674105 -0.015316081 -0.004713239 0.996279836
1341846250.010000 0.092130944 -0.031799279 0.017899454 0.084347628 -0.016320359 -0.004850318 0.996290922
1341846250.040000 0.095600136 -0.034726452 0.016494751 0.084233403 -0.019056696 -0.002847285 0.996259749
1341846250.080000 0.105123140 -0.031540930 0.018460952 0.086414352 -0.019800786 -0.002427919 0.996059537
1341846250.110000 0.105746679 -0.023395114 0.016194496 0.086644992 -0.018144095 -0.003383820 0.996068239
1341846250.140000 0.106322996 -0.026220754 0.016944950 0.084411286 -0.016821196 -0.003860450 0.996281505
1341846250.180000 0.113541454 -0.030679099 0.015129986 0.084263556 -0.014972074 -0.003725142 0.996324062
1341846250.210000 0.113569319 -0.024039514 0.013908438 0.085176267 -0.011108856 -0.005100015 0.996290922
1341846250.240000 0.111121148 -0.025708567 0.016429951 0.084026404 -0.008444817 -0.008560209 0.996390998
1341846250.280000 0.109581411 -0.022110064 0.016183717 0.083830282 -0.006952870 -0.010053747 0.996405065
1341846250.310000 0.108070433 -0.023055980 0.014277549 0.083183520 -0.006582843 -0.010353634 0.996458709
1341846250.350000 0.108375147 -0.024286572 0.018396499 0.083221354 -0.007016602 -0.010551342 0.996450543
1341846250.380000 0.108646035 -0.022718145 0.019227844 0.084009774 -0.006969122 -0.010399428 0.996386290
1341846250.410000 0.108337924 -0.025799938 0.018404495 0.084318340 -0.007171739 -0.009835416 0.996364534
1341846250.450000 0.107689813 -0.022910208 0.017323731 0.085665673 -0.006974057 -0.011164678 0.996236980
1341846250.480000 0.105087981 -0.021080438 0.018886782 0.085186929 -0.006969451 -0.011300758 0.996276498
1341846250.510000 0.100981481 -0.024239488 0.018248230 0.084768392 -0.008604263 -0.010038590 0.996312916
1341846250.550000 0.108341642 -0.021065785 0.019019920 0.085802898 -0.010544833 -0.009480271 0.996211231
1341846250.580000 0.107789814 -0.017430764 0.018926952 0.084704377 -0.009573562 -0.010477883 0.996305048
1341846250.610000 0.104961291 -0.021278501 0.020685274 0.082955062 -0.009065622 -0.009620425 0.996465623
1341846250.650000 0.107167386 -0.021938957 0.020494016 0.083467908 -0.009619580 -0.006983771 0.996439576
1341846250.680000 0.109526291 -0.017601343 0.020437066 0.083406091 -0.009555151 -0.005099691 0.996456742
1341846250.710000 0.110296451 -0.018096860 0.020041594 0.081824809 -0.008646372 -0.004526956 0.996598959
1341846250.750000 0.105224080 -0.017915491 0.023000967 0.081203073 -0.007904153 -0.002784953 0.996662378
1341846250.780000 0.104077145 -0.017610213 0.021601867 0.080486141 -0.009743447 -0.000165039 0.996708095
1341846250.810000 0.109684460 -0.018450623 0.017981939 0.079663299 -0.010970347 -0.000052411 0.996761501
1341846250.850000 0.107825883 -0.017557645 0.020742737 0.078223750 -0.010425117 -0.001333488 0.996880412
1341846250.880000 0.108422324 -0.025361588 0.020994732 0.077948153 -0.010784243 -0.000734569 0.996898830
1341846250.910000 0.110639960 -0.021114403 0.021086322 0.080546498 -0.010864595 -0.000426886 0.996691525
1341846250.950000 0.109087177 -0.023433961 0.021535296 0.080845736 -0.010090244 -0.001135227 0.996674895
1341846250.980000 0.106931962 -0.022682881 0.020638214 0.081834957 -0.009822218 -0.002144046 0.996595204
1341846251.010000 0.104732469 -0.023042534 0.020054087 0.081669740 -0.010971590 -0.003029709 0.996594429
1341846251.050000 0.110466652 -0.026849806 0.020895395 0.082142487 -0.012312958 -0.003613342 0.996537983
1341846251.080000 0.110885605 -0.028687956 0.020656249 0.083615415 -0.011839665 -0.004059029 0.996419489
1341846251.110000 0.112101614 -0.028225012 0.018986203 0.085426897 -0.011363468 -0.004414392 0.996269822
1341846251.150000 0.111636512 -0.026422843 0.019104283 0.086886562 -0.010856665 -0.005395873 0.996144414
1341846251.180000 0.113185227 -0.028260002 0.017135769 0.087339208 -0.009999529 -0.006331740 0.996108294
1341846251.210000 0.105899997 -0.025194246 0.018202856 0.088820025 -0.009417540 -0.006967807 0.995978773
1341846251.250000 0.103297688 -0.025538804 0.017245680 0.088863000 -0.011241792 -0.006228340 0.995960951
1341846251.280000 0.106987096 -0.027223680 0.017506292 0.089487746 -0.013129542 -0.006164588 0.995882273
1341846251.320000 0.103824168 -0.020897586 0.017514145 0.089535505 -0.013931044 -0.006600381 0.995864332
1341846251.350000 0.101007126 -0.023656376 0.016235106 0.086999968 -0.015949415 -0.006988995 0.996056080
1341846251.380000 0.101468988 -0.028898068 0.016505526 0.086922012 -0.018099843 -0.006941121 0.996026516
1341846251.420000 0.102407314 -0.020922668 0.016489239 0.087585978 -0.018946925 -0.007808143 0.995946169
1341846251.450000 0.099419877 -0.017149061 0.017112523 0.085031264 -0.019391684 -0.009124036 0.996147752
1341846251.480000 0.096574806 -0.019357335 0.018860523 0.082622685 -0.020883195 -0.008931777 0.996322036
1341846251.520000 0.097991124 -0.018156700 0.018334089 0.081327811 -0.022627363 -0.007966283 0.996398687
1341846251.550000 0.100624122 -0.016974254 0.020936336 0.079753116 -0.023224153 -0.008391892 0.996508718
1341846251.590000 0.099139422 -0.020839976 0.023238661 0.078856789 -0.022816248 -0.007670149 0.996595263
1341846251.620000 0.099128671 -0.019023539 0.023489727 0.079966590 -0.023588795 -0.005913646 0.996500850
1341846251.650000 0.104792356 -0.023013959 0.020385683 0.080085799 -0.023476578 -0.005540935 0.996496081
1341846251.690000 0.104277894 -0.021156728 0.021546772 0.080815263 -0.021085747 -0.007437449 0.996478260
1341846251.720000 0.099521637 -0.021105144 0.022897132 0.080851905 -0.019493084 -0.008578942 0.996498585
1341846251.750000 0.098896347 -0.020304753 0.023971748 0.081482001 -0.020027777 -0.007518235 0.996445179
