1341846313.592026 0.000000000 0.000000000 0.000000000 0.000000000 0.000000000 0.000000000 1.000000000
1341846313.654184 0.004677936 -0.002392108 0.000023680 -0.001093964 -0.002845293 0.004761347 0.999984026
1341846313.686156 0.013529207 -0.000662201 0.002090533 0.000185398 -0.005435476 0.004400140 0.999975502
1341846313.721918 0.020530693 0.002574937 -0.000296617 0.000396237 -0.006593594 0.005339676 0.999963939
1341846313.753994 0.027363762 0.002083678 0.002433852 -0.000093154 -0.007320188 0.006368132 0.999952912
1341846313.789969 0.035416834 0.001778442 0.003033317 0.000942221 -0.008190713 0.005024008 0.999953389
1341846313.822075 0.045839529 0.007542139 0.002295475 0.001638511 -0.007731865 0.003972617 0.999960899
1341846313.853928 0.054245133 0.005417221 0.004847377 0.000673661 -0.005783454 0.003369311 0.999977350
1341846313.890011 0.058764931 0.004908494 0.001025538 0.000255781 -0.003827287 0.004107514 0.999984205
1341846313.922055 0.069367066 0.014507108 0.004273780 -0.000558389 -0.004429815 0.005016149 0.999977469
1341846313.957927 0.089500286 0.013136749 0.010123890 -0.002794809 -0.002110666 0.006256189 0.999974310
1341846313.990058 0.092489332 0.010965903 0.010544245 -0.004492040 0.004677723 0.008180299 0.999945521
1341846314.022042 0.086420052 0.018306801 0.005058667 -0.005797277 0.007842130 0.008975810 0.999912143
1341846314.057816 0.105689570 0.018060688 0.012606006 -0.009227159 0.008541054 0.011247703 0.999857664
1341846314.089801 0.105139442 0.016556870 0.015974449 -0.008470886 0.014961860 0.010467936 0.999797344
1341846314.122037 0.112130843 0.025225412 0.009192398 -0.008748437 0.018250011 0.013992504 0.999697268
1341846314.157989 0.111319624 0.020225896 0.014825482 -0.011375162 0.022513757 0.013668664 0.999588370
1341846314.190094 0.114866845 0.019345209 0.007515935 -0.011462106 0.026881250 0.015317634 0.999455571
1341846314.225969 0.135599479 0.031734861 0.013533149 -0.012518674 0.025897929 0.018906670 0.999407351
1341846314.257923 0.138122857 0.024801608 0.020801073 -0.015179283 0.028050255 0.018808682 0.999314249
1341846314.290052 0.143822670 0.026351979 0.022568412 -0.013586354 0.029225977 0.017088396 0.999334395
1341846314.325981 0.149261907 0.033084825 0.022924218 -0.013840309 0.030353939 0.015555038 0.999322355
1341846314.357905 0.162417501 0.022475252 0.022088716 -0.016007841 0.032436792 0.015367010 0.999227464
1341846314.389899 0.161737189 0.022680262 0.022783540 -0.014408629 0.035989001 0.014165428 0.999147892
1341846314.427905 0.167145789 0.029200558 0.021008778 -0.013878139 0.037722863 0.012885741 0.999108791
1341846314.493987 0.183035791 0.018751118 0.020644918 -0.013671461 0.046608564 0.005269782 0.998805761
1341846314.526085 0.191241384 0.023327218 0.016005045 -0.013058015 0.048233747 0.003638197 0.998744071
1341846314.558292 0.197959870 0.021999927 0.016677307 -0.014430041 0.050911568 0.004306862 0.998589635
1341846314.594085 0.206314638 0.017521253 0.020088723 -0.013449456 0.055139106 0.004139692 0.998379529
1341846314.626096 0.205426052 0.025809223 0.019142590 -0.012304257 0.059857734 0.005084380 0.998118103
1341846314.658455 0.207422093 0.026369631 0.020285346 -0.014266253 0.062314507 0.003467830 0.997948587
1341846314.694004 0.223585740 0.016756974 0.024076764 -0.014974929 0.064893052 0.003127835 0.997774959
1341846314.725910 0.222753927 0.016078105 0.033394270 -0.010610451 0.068649665 0.006994482 0.997559905
1341846314.761942 0.223367557 0.016605999 0.026759945 -0.007016815 0.069193065 0.010866615 0.997519433
1341846314.794030 0.242467672 0.009128908 0.015745740 -0.005279836 0.069546603 0.012592075 0.997485220
1341846314.826092 0.243756816 0.011554043 0.009748414 -0.002944846 0.074169144 0.012354594 0.997164786
1341846314.862145 0.254056662 0.016755959 0.010918658 -0.002373503 0.077082872 0.013920508 0.996924698
1341846314.894072 0.265637606 0.016865917 0.012393337 -0.002717172 0.080173433 0.016427120 0.996641874
1341846314.925969 0.271204621 0.021606540 0.014706250 -0.002141820 0.082650438 0.020745276 0.996360362
1341846314.961937 0.276802421 0.032541562 0.009158224 -0.004179076 0.082842581 0.025353752 0.996231318
1341846314.994564 0.285717517 0.024544114 0.014316700 -0.008472050 0.083071865 0.024810126 0.996198654
1341846315.029900 0.299679279 0.022326712 0.013185594 -0.008923583 0.085661516 0.022750458 0.996024549
1341846315.061965 0.292609543 0.027077682 0.019947920 -0.008649617 0.089520656 0.025508344 0.995620668
1341846315.094388 0.294922441 0.022596123 0.023233827 -0.008962867 0.088581659 0.026002472 0.995689094
1341846315.129851 0.309128553 0.021514844 0.016530279 -0.007269142 0.087658174 0.024985084 0.995810688
1341846315.161941 0.304848164 0.043536168 0.003369503 -0.007472745 0.088449799 0.027250338 0.995679736
1341846315.197984 0.305866331 0.034559254 0.010974247 -0.015328163 0.086520843 0.022590689 0.995875895
1341846315.230076 0.318707794 0.032698825 0.014875665 -0.018855060 0.084378913 0.020676246 0.996040761
1341846315.262069 0.316946805 0.036040045 0.021973588 -0.021326823 0.082507007 0.022552261 0.996106982
1341846315.298000 0.323277473 0.026214829 0.029404841 -0.024405841 0.078525074 0.024616126 0.996309280
1341846315.329931 0.337795913 0.011360032 0.033638321 -0.022568014 0.075958028 0.026316609 0.996508181
1341846315.361981 0.342163980 0.019131111 0.026290089 -0.016298112 0.075252160 0.029765284 0.996586919
1341846315.397962 0.353507191 0.020773310 0.027250856 -0.013381189 0.074411765 0.034067445 0.996555686
1341846315.429923 0.362681955 0.023438009 0.022610605 -0.010315300 0.075472683 0.035794031 0.996451855
1341846315.466047 0.370995492 0.030260980 0.019144915 -0.008916313 0.078671619 0.037551496 0.996153176
1341846315.497883 0.369126678 0.031468995 0.024185199 -0.009655279 0.082257219 0.041601855 0.995695651
1341846315.530008 0.371294737 0.031332504 0.023114216 -0.009575061 0.083633922 0.042335145 0.995550811
1341846315.566108 0.374666959 0.033570860 0.022895321 -0.010174844 0.084810890 0.043406017 0.995399177
1341846315.597986 0.376236647 0.029047186 0.024423085 -0.010874580 0.086118735 0.042711087 0.995309532
1341846315.630109 0.378334165 0.029865932 0.022025824 -0.010539441 0.087174386 0.041610155 0.995267868
1341846315.666042 0.382851928 0.036507566 0.012349315 -0.010915846 0.088342533 0.041763213 0.995154381
1341846315.698114 0.381323367 0.040232673 0.004972287 -0.015648281 0.092032403 0.040048476 0.994827271
1341846315.733985 0.376062781 0.029468989 0.023544170 -0.019326117 0.095504478 0.040408593 0.994420707
1341846315.766041 0.368968338 0.032959461 0.028127909 -0.018576378 0.093883932 0.041311540 0.994552195
1341846315.798188 0.377823353 0.030620163 0.019329168 -0.019935556 0.091917448 0.040916640 0.994725883
1341846315.834140 0.375290841 0.022097565 0.025038227 -0.019886233 0.094463043 0.038933109 0.994567990
1341846315.866751 0.370789170 0.022253402 0.023907110 -0.017442150 0.096243978 0.038555764 0.994457781
1341846315.898492 0.366550863 0.022512168 0.023131110 -0.016135471 0.097033270 0.038409188 0.994408846
1341846315.936901 0.364746809 0.014993586 0.023202479 -0.014227264 0.098675735 0.037530310 0.994309902
1341846315.966572 0.353232682 0.015102258 0.025798559 -0.010664688 0.101199128 0.035921559 0.994160295
1341846316.034204 0.341488510 0.013339155 0.023931436 -0.007082031 0.101532497 0.034236945 0.994217694
1341846316.066113 0.332730591 0.010153985 0.025455303 -0.005003643 0.101989105 0.034132157 0.994187176
1341846316.101867 0.322986007 0.017026896 0.021964021 -0.002857225 0.101169065 0.035100482 0.994245768
1341846316.134066 0.311522961 0.016848650 0.020535160 -0.003780572 0.098747641 0.032391641 0.994578004
1341846316.202049 0.297905236 0.010129883 0.025116883 -0.003965109 0.094481356 0.028250270 0.995117843
1341846316.233979 0.295719087 0.011615998 0.014491770 -0.003333864 0.092863180 0.026592948 0.995318115
1341846316.270052 0.291658729 0.011261401 0.016323809 -0.004746433 0.093797699 0.023485145 0.995302916
1341846316.301915 0.284504175 0.003554195 0.021640237 -0.005040983 0.095192634 0.021435244 0.995215297
1341846316.334208 0.275946856 0.002754756 0.022553649 -0.003521238 0.094693065 0.023116974 0.995231867
1341846316.370006 0.269042313 0.000929944 0.021463890 -0.001607739 0.093652792 0.023499237 0.995326281
1341846316.401994 0.261515200 0.003209220 0.020504061 0.000395710 0.093128450 0.025416264 0.995329559
1341846316.438069 0.256279528 -0.001078691 0.023341760 0.002196023 0.092874937 0.027214289 0.995303333
1341846316.470076 0.244701698 -0.004402748 0.021207981 0.006546569 0.092898943 0.029951258 0.995203435
1341846316.502034 0.231360808 0.010482594 0.012925666 0.009911000 0.091040701 0.031182013 0.995309532
1341846316.537975 0.225873917 0.010526055 0.007208664 0.007263578 0.087959424 0.029427741 0.995662749
1341846316.570121 0.221371338 -0.000596096 0.011415102 0.006020674 0.087675758 0.026694387 0.995773137
1341846316.601885 0.214046106 -0.002833836 0.013226841 0.007919198 0.087308928 0.025260648 0.995829463
1341846316.638009 0.204482853 -0.006141527 0.011955075 0.009966682 0.086357348 0.026628705 0.995858431
1341846316.669925 0.198340982 -0.009341886 0.010208346 0.012119018 0.085767619 0.026777238 0.995881498
1341846316.705941 0.191249728 -0.016306927 0.010599073 0.015564742 0.085944988 0.026440475 0.995827317
1341846316.738062 0.190734833 -0.007539770 0.006930619 0.018617539 0.084352441 0.031197863 0.995773435
1341846316.770433 0.174285576 -0.003434281 0.000877809 0.018132957 0.084737144 0.030595681 0.995768428
1341846316.805932 0.168997183 -0.012639205 0.007421503 0.017913956 0.084747776 0.029755186 0.995796919
1341846316.838029 0.155578569 -0.006478731 0.006985288 0.019989341 0.083892412 0.031103855 0.995788634
1341846316.870034 0.143266827 -0.010726430 0.009463824 0.020099487 0.081093587 0.031982277 0.995990455
1341846316.906344 0.136979848 -0.010703696 0.007659810 0.021132043 0.077875338 0.031271808 0.996248424
1341846316.937940 0.134427235 -0.008314662 0.005487973 0.021222960 0.076269388 0.028724780 0.996447384
1341846316.973994 0.124206804 -0.007204146 0.008689921 0.020561559 0.074921578 0.028522518 0.996569335
1341846317.005913 0.116118543 -0.009658818 0.008549187 0.019348783 0.072276041 0.029109167 0.996771991
1341846317.037936 0.109703235 -0.014180255 0.014791390 0.019393902 0.070012324 0.028276538 0.996956646
1341846317.073972 0.105634533 -0.015346434 0.013385229 0.020463903 0.068091609 0.028964521 0.997048557
1341846317.106113 0.094453365 -0.021884993 0.014197850 0.022340195 0.066930108 0.032492902 0.996978164
1341846317.137887 0.066740558 -0.022580996 0.005054021 0.025424436 0.063003317 0.035404548 0.997061014
1341846317.173970 0.065097027 -0.016421096 0.008119272 0.027139021 0.055664711 0.037374981 0.997380555
1341846317.205887 0.067415357 -0.016266277 0.018853944 0.027204597 0.052056573 0.038731061 0.997521877
1341846317.248131 0.056212876 -0.018155545 0.018194353 0.028433830 0.049810618 0.040797103 0.997519910
1341846317.306289 0.051798970 -0.014258653 0.014435202 0.030452810 0.042707719 0.045512188 0.997585714
1341846317.348137 0.052001499 -0.020448584 0.012152047 0.031013731 0.043276161 0.047465719 0.997452915
1341846317.410120 0.031724807 -0.013674792 0.017068043 0.033356678 0.043715995 0.052531634 0.997104168
1341846317.442569 0.031180786 -0.026154954 0.019730838 0.034840573 0.043561578 0.055098746 0.996921539
1341846317.474010 0.019105833 -0.024930308 0.025309648 0.040527351 0.044697482 0.058128774 0.996484160
1341846317.509927 0.006181103 -0.012518731 0.021018373 0.044533003 0.042899467 0.060415316 0.996256173
1341846317.542282 0.005121058 -0.009013889 0.016603477 0.044138566 0.039363205 0.062237684 0.996307552
1341846317.573943 0.000466651 -0.015885472 0.018309845 0.043312110 0.040497452 0.060096987 0.996429801
1341846317.610159 -0.012948481 -0.021139925 0.022664616 0.045307718 0.043410674 0.060304493 0.996205807
1341846317.643553 -0.029142952 -0.016752243 0.023625107 0.048235994 0.043564059 0.063359626 0.995871961
1341846317.677993 -0.039622419 -0.017710024 0.034404177 0.049013596 0.040809311 0.065556034 0.995808542
1341846317.709996 -0.040910564 -0.018406685 0.033093419 0.051611569 0.037713911 0.065662012 0.995792329
1341846317.741834 -0.050638504 -0.009374920 0.030112917 0.052380957 0.036878314 0.064939104 0.995830894
1341846317.777923 -0.059397496 -0.011502474 0.033135321 0.050398551 0.035976358 0.064223602 0.996012568
1341846317.810021 -0.069064312 -0.014393107 0.034800820 0.050005373 0.034623466 0.062696569 0.996177554
1341846317.841886 -0.077203408 -0.008080881 0.031506423 0.049719792 0.033640463 0.060484715 0.996362329
1341846317.878017 -0.084083870 -0.008928131 0.032296389 0.047242675 0.033381414 0.056848999 0.996705532
1341846317.909910 -0.087933004 -0.015889242 0.028539609 0.045798790 0.034416895 0.053142816 0.996942222
1341846317.946031 -0.095008709 -0.017320443 0.037919428 0.046897598 0.034628637 0.053535484 0.996862769
1341846317.978041 -0.097127438 -0.018559510 0.042829871 0.049024992 0.032727323 0.054998260 0.996745050
1341846318.009897 -0.097601913 -0.017068062 0.038732991 0.051493138 0.032422554 0.053360429 0.996719599
1341846318.045949 -0.116962530 -0.011830805 0.034039889 0.052104831 0.034696676 0.051296089 0.996719599
1341846318.078074 -0.132398129 -0.015411702 0.034908231 0.051023863 0.033971332 0.049918715 0.996870458
1341846318.109894 -0.147523209 -0.013985520 0.039071158 0.050871633 0.030853970 0.047256339 0.997109294
1341846318.145957 -0.144009262 -0.013684532 0.038641918 0.050087474 0.027601311 0.045226507 0.997338414
1341846318.178001 -0.151751280 -0.017837675 0.037800718 0.049043108 0.028063687 0.042217247 0.997509360
1341846318.214074 -0.171718061 -0.022728618 0.038861226 0.049575835 0.027409490 0.041005101 0.997551739
1341846318.245970 -0.185227722 -0.031668991 0.034777049 0.051639359 0.022509700 0.042204570 0.997519672
1341846318.278018 -0.193775028 -0.028601939 0.038240559 0.055983461 0.017695595 0.042165235 0.997383952
1341846318.313937 -0.212909177 -0.027460808 0.029270729 0.057966281 0.012506616 0.041795224 0.997364879
1341846318.345989 -0.216504857 -0.029308731 0.032878798 0.059324585 0.003694983 0.040900663 0.997393608
1341846318.382046 -0.218259037 -0.030120466 0.038591526 0.061287064 -0.003918109 0.040208139 0.997302294
1341846318.414072 -0.224768907 -0.031121103 0.040713139 0.062828913 -0.010575179 0.041663311 0.997098207
1341846318.446035 -0.230101898 -0.032852594 0.045158893 0.064899191 -0.016904272 0.041316792 0.996892810
1341846318.482196 -0.234083280 -0.027846953 0.042986356 0.066758998 -0.019475142 0.041128822 0.996730864
1341846318.514144 -0.247704610 -0.029451925 0.041761402 0.066703662 -0.020052411 0.041419718 0.996711075
1341846318.546259 -0.249629736 -0.035322621 0.040224239 0.067793995 -0.021715593 0.041898679 0.996582627
1341846318.582042 -0.260634840 -0.029105121 0.034418758 0.069511354 -0.021089012 0.040980842 0.996515930
1341846318.614115 -0.272773623 -0.027706541 0.038037449 0.069275483 -0.021098975 0.040468086 0.996553123
1341846318.650038 -0.279735595 -0.029138504 0.035197463 0.068819590 -0.021814777 0.037665244 0.996679127
1341846318.682350 -0.288187921 -0.025628844 0.036891159 0.068804093 -0.022525620 0.035060655 0.996759415
1341846318.714063 -0.299269974 -0.027786603 0.032639604 0.068116426 -0.023141650 0.034152728 0.996824086
1341846318.749905 -0.306373656 -0.033251069 0.030783379 0.068568558 -0.023278553 0.035941113 0.996726990
1341846318.782036 -0.323979259 -0.030326629 0.027954878 0.070535317 -0.023103923 0.037727937 0.996527791
1341846318.814121 -0.346291333 -0.032720186 0.024571149 0.070405744 -0.026554588 0.036387414 0.996500790
1341846318.850072 -0.354886562 -0.035389718 0.028623508 0.070651889 -0.032425035 0.033721481 0.996403396
1341846318.883516 -0.370947927 -0.050907064 0.012637459 0.072338849 -0.039183069 0.032698240 0.996073604
1341846318.918047 -0.398996770 -0.041423772 0.001619820 0.076280855 -0.049364634 0.031269364 0.995372593
1341846318.950044 -0.398505062 -0.046653420 -0.004062138 0.077229448 -0.060324904 0.027096123 0.994817734
1341846318.982028 -0.403193712 -0.043048691 -0.011960790 0.079448618 -0.064746313 0.024845149 0.994423747
1341846319.018123 -0.422468394 -0.041108493 -0.009411354 0.079224944 -0.068448186 0.024878750 0.994192779
1341846319.050745 -0.403475761 -0.050023593 0.015947968 0.080043733 -0.077144422 0.024769995 0.993492901
1341846319.081905 -0.400604546 -0.043500401 0.017371431 0.086098999 -0.077747442 0.022206457 0.993000090
1341846319.117976 -0.416150212 -0.040254429 0.013401732 0.088653684 -0.076564357 0.027882116 0.992724001
1341846319.150093 -0.426948547 -0.039869465 0.021794237 0.090807326 -0.080725521 0.034460541 0.991992891
1341846319.186069 -0.410449445 -0.024361219 0.021063782 0.093254678 -0.084608890 0.035099767 0.991419613
1341846319.218149 -0.434251368 -0.019646093 0.002806671 0.089610994 -0.077246323 0.032006890 0.992460787
1341846319.250034 -0.464720756 -0.013832646 -0.014882438 0.084052920 -0.069429256 0.030365638 0.993575692
1341846319.286594 -0.443130881 -0.023334827 0.024466693 0.081976235 -0.069341511 0.035848238 0.993572593
1341846319.318034 -0.445704013 -0.023519080 0.027006071 0.082758017 -0.068994023 0.039625771 0.993388474
1341846319.350268 -0.456432581 -0.028503116 0.017844774 0.083031438 -0.068091772 0.046073660 0.993149757
1341846319.386163 -0.470301569 -0.030160196 0.011057414 0.084796906 -0.072076678 0.053080056 0.992369354
1341846319.418386 -0.497203559 -0.025506206 0.013408840 0.087097615 -0.075231150 0.050776049 0.992056489
1341846319.453961 -0.474764317 -0.024693018 -0.000117160 0.086681969 -0.079384744 0.050367635 0.991789997
1341846319.486271 -0.484891176 -0.024045374 -0.004380517 0.085617930 -0.080022961 0.049994130 0.991850019
1341846319.554083 -0.502291918 -0.027126910 0.018981844 0.080273300 -0.086251184 0.049388990 0.991805255
1341846319.586296 -0.514121890 -0.027553197 0.012349240 0.080760375 -0.085326850 0.045474522 0.992032826
1341846319.622031 -0.536505580 -0.023875356 0.007732145 0.079675727 -0.087584510 0.041663419 0.992091179
1341846319.653962 -0.541604340 -0.032975361 0.023235723 0.078484766 -0.093171090 0.041396439 0.991688251
1341846319.686352 -0.548276544 -0.033567339 0.026027240 0.080246665 -0.097120911 0.043166909 0.991092622
1341846319.721992 -0.559003890 -0.023825126 0.026644148 0.081676371 -0.100872517 0.044123922 0.990558803
1341846319.754063 -0.558812857 -0.012356458 0.027106151 0.078872308 -0.103491336 0.043698724 0.990534782
1341846319.786397 -0.565447927 -0.017377095 0.032930225 0.074296430 -0.103578016 0.047685064 0.990695596
1341846319.822008 -0.572589636 -0.016147232 0.021691620 0.071122617 -0.103846230 0.051634092 0.990702510
1341846319.853917 -0.569873095 -0.012892246 0.027232066 0.066264898 -0.105466641 0.056109834 0.990624785
1341846319.889942 -0.577178061 -0.025288131 0.038094684 0.062590115 -0.105783403 0.060675472 0.990560889
1341846319.922039 -0.593470216 -0.030639248 0.032529630 0.062185094 -0.108973153 0.061377272 0.990197301
1341846319.953946 -0.584748805 -0.036611151 0.020520300 0.062294949 -0.116325304 0.058348633 0.989536822
1341846319.990054 -0.582102239 -0.035147145 0.021755412 0.064971581 -0.119651467 0.051411506 0.989352822
1341846320.028122 -0.591116488 -0.037407584 0.015917465 0.066912696 -0.122763731 0.049654663 0.988931835
1341846320.090047 -0.570330858 -0.027078811 0.026770800 0.072695032 -0.131478176 0.050433032 0.987362862
1341846320.122011 -0.562601447 -0.023819024 0.027761698 0.073657274 -0.129493684 0.051116165 0.987518668
1341846320.157952 -0.555169106 -0.026882913 0.026568726 0.073604494 -0.126885787 0.051659517 0.987832844
1341846320.190003 -0.540709317 -0.034143552 0.034877360 0.075853154 -0.124184802 0.050323483 0.988074899
1341846320.221941 -0.536266088 -0.034084141 0.033445522 0.079957351 -0.120667212 0.050917149 0.988156676
1341846320.258015 -0.526813686 -0.039032958 0.033687614 0.083703540 -0.119897917 0.053844124 0.987784922
1341846320.289887 -0.512725651 -0.048934009 0.029267974 0.088219367 -0.121198781 0.055016890 0.987168312
1341846320.321954 -0.503476620 -0.048383117 0.031238042 0.097073920 -0.122355744 0.053494949 0.986277878
1341846320.357890 -0.487710416 -0.034246013 0.034500010 0.103634879 -0.122622602 0.054742645 0.985508382
1341846320.390064 -0.469501793 -0.034152459 0.048519358 0.105148993 -0.119261719 0.055942722 0.985693038
1341846320.426544 -0.448149025 -0.035577640 0.047516875 0.107732348 -0.112160094 0.052433908 0.986440361
1341846320.458122 -0.441595554 -0.036587507 0.040398382 0.108733572 -0.104661956 0.049131062 0.987324178
1341846320.490186 -0.414513707 -0.046851967 0.040485740 0.111002125 -0.098796189 0.049744494 0.987645328
1341846320.525911 -0.416305304 -0.040483452 0.033614054 0.115262397 -0.090301029 0.046972591 0.988106191
1341846320.558091 -0.409120083 -0.035473157 0.035427667 0.116619311 -0.086029939 0.043878332 0.988470256
1341846320.594093 -0.372526556 -0.038554862 0.039369602 0.117533214 -0.083229326 0.039987724 0.988766789
1341846320.631955 -0.378296375 -0.037027881 0.032131020 0.120295525 -0.073863529 0.039101452 0.989213943
1341846320.664916 -0.367102563 -0.033248328 0.032172661 0.120414458 -0.071778089 0.037937041 0.989398360
1341846320.699927 -0.342686743 -0.041595250 0.031350031 0.119840391 -0.069429450 0.036356173 0.989694953
1341846320.731822 -0.331500411 -0.033961125 0.042974751 0.122516952 -0.062978134 0.035271998 0.989838004
1341846320.763877 -0.340373874 -0.006174948 0.034263004 0.121521242 -0.060514200 0.034972835 0.990125000
1341846320.799999 -0.319540709 -0.030496113 0.027693968 0.113019750 -0.062574558 0.030715223 0.991144538
1341846320.831871 -0.277316779 -0.036668986 0.017883766 0.114497572 -0.053596232 0.025488630 0.991649210
1341846320.863887 -0.286007524 -0.019977823 0.023929443 0.113904364 -0.043728981 0.027261171 0.992154419
1341846320.900014 -0.296785116 -0.027247729 0.042083487 0.106924020 -0.048051182 0.032203216 0.992583156
1341846320.931889 -0.262937039 -0.039689928 0.035835311 0.107273415 -0.049590085 0.031404238 0.992495358
1341846320.967866 -0.277438849 -0.010859463 0.030003861 0.108500786 -0.042641334 0.027962103 0.992787719
1341846321.000017 -0.288804203 -0.020053547 0.029566491 0.101968430 -0.041278109 0.025513425 0.993603408
1341846321.031860 -0.263994068 -0.028971810 0.043382533 0.099641614 -0.041673724 0.023908248 0.993862808
1341846321.068047 -0.247891814 -0.023094537 0.028090362 0.100008748 -0.038034946 0.021930763 0.994017422
1341846321.099840 -0.243989885 -0.025307432 0.022034712 0.097455353 -0.036539920 0.022387579 0.994316876
1341846321.131821 -0.221537292 -0.037347745 0.026856232 0.097057015 -0.035879981 0.024022968 0.994341731
1341846321.167887 -0.214748517 -0.032164663 0.029204331 0.100126751 -0.031775575 0.024389068 0.994168043
1341846321.200042 -0.210042626 -0.026759963 0.025285739 0.100768924 -0.029313441 0.023976453 0.994188845
1341846321.231950 -0.199900970 -0.034023702 0.027737904 0.099679828 -0.028525796 0.022702524 0.994351447
1341846321.267939 -0.183611736 -0.028387383 0.021931347 0.100426041 -0.026857559 0.018078774 0.994417667
1341846321.299948 -0.172797546 -0.032283757 0.029643154 0.098926574 -0.022668619 0.012369993 0.994759619
1341846321.331858 -0.172851130 -0.035659537 0.032466508 0.098982684 -0.019327659 0.008275810 0.994867027
1341846321.367913 -0.150392458 -0.040265433 0.032503936 0.100250840 -0.017772537 0.004439772 0.994793534
1341846321.399897 -0.146903232 -0.036254652 0.036153641 0.102308787 -0.012249938 0.002765111 0.994673431
1341846321.435994 -0.143787265 -0.041475132 0.039002143 0.103495851 -0.008562619 0.002995486 0.994588494
1341846321.467946 -0.135097980 -0.039763656 0.041090567 0.105571568 -0.005961319 0.003271040 0.994388461
1341846321.499882 -0.122113846 -0.039675936 0.034984022 0.106838316 -0.003355076 0.003763665 0.994263649
1341846321.536109 -0.097558074 -0.029431943 0.026906708 0.107104480 0.000972294 0.000857559 0.994246960
1341846321.568960 -0.104633830 -0.022914181 0.045648351 0.104145862 0.008296126 -0.001531292 0.994526267
1341846321.603938 -0.101376854 -0.030011319 0.047485627 0.100585207 0.010871535 -0.001794634 0.994867444
1341846321.637163 -0.069908194 -0.021958599 0.027450455 0.098259009 0.014804344 -0.002459848 0.995047688
1341846321.668306 -0.082768299 -0.021495128 0.041371927 0.093778789 0.025038809 -0.000012949 0.995278120
1341846321.704411 -0.094007678 -0.024437331 0.052346699 0.090559304 0.026872652 0.007739131 0.995498359
1341846321.736861 -0.082517050 -0.023038197 0.055567764 0.089683414 0.024028007 0.015858864 0.995554149
1341846321.771881 -0.066600882 -0.008376599 0.052040856 0.087797679 0.023369938 0.021051573 0.995641589
1341846321.804114 -0.057862327 -0.012570970 0.055590022 0.083323233 0.025368849 0.024189664 0.995905876
1341846321.836152 -0.055753723 -0.005991282 0.059086926 0.080809772 0.027770523 0.024843195 0.996032834
1341846321.871882 -0.051342722 0.003777534 0.062782481 0.076098837 0.028946349 0.022007229 0.996437013
1341846321.904074 -0.044756528 0.000177484 0.064969786 0.069454670 0.030066812 0.019008927 0.996950686
1341846321.939847 -0.040652119 -0.005153465 0.065823309 0.065195754 0.033013124 0.016331717 0.997192502
1341846322.004094 -0.047125645 -0.011105016 0.068540096 0.058018461 0.031404890 0.015689502 0.997698069
1341846322.066178 -0.027841605 -0.018494852 0.066772714 0.053012174 0.035390578 0.013039216 0.997881353
1341846322.107979 -0.031045288 -0.032944303 0.072267190 0.050182335 0.037554931 0.011696549 0.997965217
1341846322.166164 -0.034207959 -0.054144524 0.072205134 0.053131159 0.037692703 0.011233969 0.997812688
1341846322.202932 -0.030506197 -0.059566803 0.067903250 0.054333635 0.035021752 0.011800056 0.997838736
1341846322.234093 -0.028983640 -0.062300026 0.068679154 0.053352851 0.033341054 0.009865320 0.997970164
1341846322.265941 -0.029116752 -0.074098036 0.068360172 0.050478004 0.030439341 0.010284385 0.998208225
1341846322.301996 -0.019744307 -0.087752998 0.066460684 0.048463285 0.028233064 0.011308317 0.998361826
1341846322.333949 -0.033641417 -0.101800852 0.069267251 0.047440369 0.027392983 0.010839517 0.998439550
1341846322.369871 -0.019206790 -0.116798691 0.061151464 0.047868773 0.021128844 0.008058206 0.998597622
1341846322.402292 -0.003866331 -0.129255161 0.055469878 0.049498681 0.021614796 0.002347031 0.998537481
1341846322.433955 -0.022381924 -0.152062327 0.066622019 0.054160118 0.024719041 -0.002516584 0.998223066
1341846322.470030 -0.022860358 -0.155890733 0.067313813 0.062973626 0.020457890 0.001148743 0.997804821
1341846322.502433 -0.008329559 -0.172476202 0.069078669 0.068429902 0.016294505 0.004741935 0.997511566
1341846322.534002 -0.001450724 -0.189226627 0.071495473 0.076385118 0.015740832 0.006614815 0.996932209
1341846322.570196 -0.006883891 -0.200727120 0.070761807 0.086115874 0.016023610 0.008079219 0.996123493
1341846322.601920 -0.016552551 -0.206396103 0.065682411 0.091889970 0.013710766 0.011059050 0.995613396
1341846322.638119 0.002409948 -0.223864451 0.071973488 0.096841827 0.009238926 0.010949013 0.995196640
1341846322.669947 0.010080338 -0.226823345 0.067803293 0.101916522 0.012171505 0.009661422 0.994671583
1341846322.702026 -0.001751937 -0.238564119 0.068046600 0.104616165 0.014601037 0.011066345 0.994343936
1341846322.738006 0.000743903 -0.236316487 0.068571523 0.106351525 0.011737349 0.012833662 0.994176507
1341846322.770087 0.012134677 -0.258274734 0.075275593 0.105710469 0.011732477 0.012923188 0.994243741
1341846322.806047 0.000234077 -0.269370288 0.071219482 0.109313495 0.012508428 0.013818356 0.993832588
1341846322.838063 -0.005162634 -0.273700297 0.072531998 0.111263841 0.008447031 0.015720583 0.993630648
1341846322.870081 0.002546737 -0.287697941 0.070451066 0.113047637 0.002823618 0.016473494 0.993448973
1341846322.906018 0.016897721 -0.291005135 0.077304423 0.118087873 0.000405157 0.016812952 0.992860734
1341846322.938349 0.013032567 -0.277977288 0.077771217 0.119208686 0.001753286 0.018034549 0.992703855
1341846322.970069 0.016437085 -0.283304572 0.075868450 0.114342377 0.001167250 0.019563789 0.993248045
1341846323.011820 0.019176859 -0.298528761 0.076028243 0.111415356 0.001528047 0.020036269 0.993570745
1341846323.073951 0.018021915 -0.299320430 0.084754899 0.108855620 0.001271997 0.024457859 0.993755817
1341846323.105962 0.018388452 -0.318622172 0.089100659 0.105517462 0.001377358 0.024114190 0.994124115
1341846323.138158 0.018973334 -0.318767726 0.088952176 0.106819980 0.001528069 0.021612924 0.994042277
1341846323.174092 0.016181713 -0.319724470 0.089473240 0.104802758 0.001132530 0.020433139 0.994282424
1341846323.206059 0.024060253 -0.325257778 0.090721786 0.101855285 0.000198779 0.018446952 0.994628131
1341846323.238053 0.029413521 -0.325086236 0.091738977 0.099597223 0.002946505 0.016799996 0.994881630
1341846323.273997 0.012211212 -0.328622878 0.086530887 0.095257565 0.004341137 0.017081767 0.995296597
1341846323.305946 0.019461107 -0.338148683 0.091941372 0.089921430 -0.000359794 0.018392451 0.995778978
1341846323.342027 0.043738753 -0.354002744 0.095466331 0.087569177 0.000232507 0.016484845 0.996021986
1341846323.374048 0.020881405 -0.363863260 0.092923395 0.087724775 0.005003489 0.017649632 0.995975852
1341846323.405987 0.002293161 -0.374572694 0.088719338 0.087550201 0.002120515 0.022431571 0.995905280
1341846323.441956 0.023893036 -0.387273371 0.092687845 0.088299878 -0.003484535 0.024938481 0.995775640
1341846323.473878 0.028679902 -0.396892816 0.096045576 0.092446089 -0.002279274 0.023492061 0.995437920
1341846323.506129 0.022118893 -0.389697611 0.089449458 0.095318876 -0.002069900 0.021055598 0.995221913
1341846323.541972 0.031407129 -0.391156197 0.087765008 0.093910195 -0.002623031 0.018860741 0.995398581
1341846323.573913 0.052548833 -0.408733249 0.085888200 0.092785202 0.000566662 0.013467587 0.995594919
1341846323.609927 0.036262412 -0.407003194 0.086283907 0.093662627 0.007549412 0.009708830 0.995528042
1341846323.642014 0.021925019 -0.418696761 0.086957425 0.092056774 0.009901378 0.010249336 0.995651782
1341846323.674081 0.020805996 -0.430995852 0.088655971 0.091859959 0.008125304 0.012442168 0.995661020
1341846323.710069 0.023312904 -0.447211832 0.086887762 0.093458377 0.006663918 0.016375534 0.995466232
1341846323.742111 0.018809859 -0.454892516 0.086034924 0.098384038 0.005260881 0.016422238 0.994999111
1341846323.774928 0.020745771 -0.451005965 0.084154397 0.102021217 0.002858312 0.013712252 0.994683623
1341846323.810012 0.026570233 -0.462168574 0.078301035 0.102418579 0.001241239 0.010880459 0.994681120
1341846323.842207 0.025352886 -0.462909818 0.079168223 0.104426391 0.001528167 0.005330953 0.994517148
1341846323.878019 0.019417012 -0.476150572 0.076167762 0.104344800 0.001202679 0.001846081 0.994538724
1341846323.909826 0.023880199 -0.486743093 0.076388210 0.107805274 -0.000863444 -0.002895408 0.994167447
1341846323.942459 0.019246450 -0.485680819 0.074695781 0.111878529 -0.000694982 -0.003424367 0.993715763
1341846323.978055 0.011949497 -0.489771962 0.074624524 0.114030026 -0.002948422 -0.001950177 0.993471026
1341846324.015934 0.023293596 -0.493874341 0.069320217 0.117778294 -0.005889495 -0.002216160 0.993019998
1341846324.047722 0.024790376 -0.486222833 0.069935270 0.121476337 -0.004308117 -0.003025621 0.992580354
1341846324.083904 0.023735134 -0.473173052 0.067011155 0.122022040 -0.002886696 -0.003434443 0.992517233
1341846324.115968 0.028733829 -0.470786005 0.066506311 0.119725205 -0.001424855 -0.004985446 0.992793500
1341846324.151967 0.032944504 -0.465190828 0.064717703 0.119351834 0.001232950 -0.009388227 0.992806852
1341846324.183941 0.030612338 -0.448811233 0.070891581 0.117037505 0.005259184 -0.012059466 0.993040383
1341846324.219984 0.021241734 -0.448661774 0.077899069 0.112631574 0.007641842 -0.011795078 0.993537426
1341846324.251968 0.017593337 -0.448855013 0.080871210 0.112000354 0.007928537 -0.012358105 0.993599713
1341846324.284052 0.013992481 -0.438661247 0.079117753 0.112322092 0.007393707 -0.013053247 0.993558586
1341846324.319880 0.008092002 -0.422930181 0.072967634 0.111804396 0.004505934 -0.013826518 0.993623793
1341846324.351917 0.014410274 -0.407199711 0.078784466 0.108633466 0.000480318 -0.014542632 0.993975401
1341846324.388001 0.024234282 -0.397852272 0.079302475 0.104508817 -0.000071136 -0.018231541 0.994356811
1341846324.419908 0.021430025 -0.383277565 0.082220845 0.100082159 0.002188682 -0.020278770 0.994770110
1341846324.452027 0.012748712 -0.383579493 0.087488636 0.095081419 0.003083213 -0.021135371 0.995240331
1341846324.487928 0.010883821 -0.378662944 0.087308533 0.093212664 0.002762586 -0.018832531 0.995464265
1341846324.519985 -0.001602139 -0.368126661 0.087241240 0.091950640 0.001388185 -0.014536595 0.995656490
1341846324.556001 -0.000472960 -0.350049496 0.085577369 0.090578407 -0.003777964 -0.010290030 0.995829046
1341846324.587888 0.002212913 -0.336016029 0.090681739 0.087460488 -0.007053535 -0.007814888 0.996112347
1341846324.620086 0.003198453 -0.331973940 0.090768740 0.085079074 -0.009611461 -0.009915275 0.996278524
1341846324.655955 0.009010695 -0.317197174 0.090872690 0.084166020 -0.011097532 -0.011392634 0.996324778
1341846324.688082 0.004566619 -0.315428644 0.096544944 0.083379775 -0.010694148 -0.010616870 0.996403873
1341846324.755922 -0.009852698 -0.279318392 0.094966091 0.085272811 -0.013110087 -0.006869270 0.996247709
1341846324.814016 0.011322100 -0.241718858 0.094279103 0.080683991 -0.020261565 -0.009346475 0.996489942
1341846324.849979 0.000980765 -0.233803585 0.099015459 0.074802011 -0.016483536 -0.011675672 0.996993840
1341846324.881924 -0.008540923 -0.231595710 0.103223331 0.071826145 -0.017154545 -0.012066653 0.997196674
1341846324.913902 -0.003743916 -0.221115008 0.107126504 0.070892803 -0.019002540 -0.008834481 0.997263789
1341846324.949999 -0.008427644 -0.225519091 0.110115007 0.070896089 -0.018702047 -0.006168683 0.997289300
1341846324.981922 -0.018988959 -0.217844740 0.110535525 0.075468846 -0.020557240 -0.003097285 0.996931434
1341846325.018013 -0.020473557 -0.203814834 0.108124569 0.079997145 -0.025680257 -0.000420775 0.996464133
1341846325.050079 -0.022987314 -0.187817886 0.103111602 0.082218848 -0.030525362 -0.000947572 0.996146262
1341846325.081901 -0.018480707 -0.169964731 0.100220799 0.081647798 -0.036023833 -0.002779449 0.996006131
1341846325.118531 -0.005147487 -0.153195426 0.098208167 0.077616602 -0.038647134 -0.004741468 0.996222675
1341846325.149933 -0.007204832 -0.154317498 0.103299528 0.071797155 -0.036264677 -0.006348307 0.996739566
1341846325.181925 -0.012026744 -0.148081809 0.106338948 0.068645895 -0.034825765 -0.004502791 0.997022927
1341846325.218055 -0.014137272 -0.141074434 0.109117255 0.065901175 -0.034577277 -0.000290505 0.997226834
1341846325.249811 -0.015837783 -0.135909975 0.110457875 0.063679680 -0.034625594 0.003529801 0.997363269
1341846325.285925 -0.012305877 -0.123249583 0.113380417 0.061375212 -0.035446346 0.006698428 0.997462690
1341846325.317988 -0.001270637 -0.127297893 0.117392302 0.058630511 -0.033614635 0.009291704 0.997670412
1341846325.349844 -0.007030549 -0.132786289 0.122867197 0.061036911 -0.028574966 0.011196512 0.997663558
1341846325.387302 -0.006514542 -0.119543150 0.121768191 0.066049352 -0.025919996 0.014007620 0.997381330
1341846325.417931 0.007073002 -0.113550983 0.120723188 0.068833143 -0.021681890 0.016845688 0.997250319
1341846325.450747 0.014318353 -0.121178702 0.126856968 0.072706141 -0.014004786 0.018921202 0.997075558
1341846325.485954 -0.004650999 -0.103775084 0.128361642 0.081579149 -0.005995630 0.021139918 0.996424615
1341846325.517875 -0.007540667 -0.089109942 0.129389748 0.086102024 -0.003156335 0.023332097 0.996008098
1341846325.553859 -0.005525661 -0.083486855 0.131682798 0.089068271 0.000221840 0.023173410 0.995755911
1341846325.585855 -0.011869794 -0.064256445 0.130909666 0.092004918 0.003627282 0.021402931 0.995521903
1341846325.617990 -0.014318946 -0.043329194 0.130255371 0.089371443 0.005436426 0.020048352 0.995781779
1341846325.653982 -0.015844272 -0.060138538 0.136071920 0.085649408 0.007323408 0.017327197 0.996147752
1341846325.685819 -0.018503722 -0.061874390 0.135333568 0.090451114 0.008925105 0.017803367 0.995701790
1341846325.717857 -0.022869742 -0.043254234 0.138676509 0.095825858 0.010095390 0.024988879 0.995033205
1341846325.754083 -0.025480887 -0.045039751 0.140351251 0.098381028 0.010196349 0.029392563 0.994662404
1341846325.786087 -0.020740001 -0.039857194 0.139511660 0.104665853 0.010316980 0.030863661 0.993974864
1341846325.821856 -0.023649508 -0.017148040 0.141490296 0.109694079 0.012334804 0.032371093 0.993361533
1341846325.853827 -0.032184049 -0.010067014 0.146988705 0.110685661 0.013303185 0.035536855 0.993130863
1341846325.885958 -0.040156364 0.004422994 0.143918395 0.111456715 0.010882192 0.041568715 0.992839873
1341846325.921984 -0.034074698 0.007159252 0.151222587 0.110306174 0.006554399 0.046352867 0.992794514
1341846325.953899 -0.022744272 0.009643033 0.152506754 0.112980574 0.006292678 0.047760699 0.992428720
1341846325.985823 -0.028612738 0.023725536 0.157080337 0.116252668 0.009563026 0.051699806 0.991827130
1341846326.021991 -0.033563647 0.025313742 0.157988310 0.118853286 0.009906151 0.057612877 0.991189420
1341846326.054055 -0.027678186 0.037348747 0.160563633 0.124046750 0.008695634 0.061177082 0.990350544
1341846326.089984 -0.024143172 0.058158260 0.160640538 0.127246261 0.010539049 0.060570415 0.989963889
1341846326.121822 -0.024518430 0.068973616 0.164705917 0.126906633 0.014598352 0.058628272 0.990072906
1341846326.154079 -0.030100735 0.068366908 0.166270405 0.127090514 0.017287083 0.057251383 0.990086615
1341846326.190178 -0.034330100 0.082000487 0.171169713 0.129871741 0.016976183 0.059287652 0.989611089
1341846326.222162 -0.036488615 0.099266946 0.170161068 0.129479095 0.015277301 0.065432608 0.989302933
1341846326.259181 -0.036408074 0.110861823 0.169905275 0.126307756 0.012523837 0.069484562 0.989475310
1341846326.322766 -0.031316373 0.132063925 0.180005684 0.118911929 0.011764469 0.068789348 0.990449190
1341846326.359773 -0.030907720 0.139047518 0.184467167 0.115154542 0.013282306 0.066704668 0.991016388
1341846326.392109 -0.030013287 0.132809818 0.190643594 0.113464355 0.015184315 0.067041501 0.991161287
1341846326.423985 -0.035205882 0.138168097 0.194674045 0.117516294 0.016341517 0.071459815 0.990361750
1341846326.459869 -0.039543524 0.155547455 0.194034010 0.120360307 0.013829621 0.075855419 0.989731312
1341846326.526163 -0.025311492 0.187333345 0.198592961 0.119921073 0.014672851 0.075526141 0.989797652
1341846326.560211 -0.029009247 0.194693476 0.201950520 0.114627592 0.018837420 0.075990535 0.990318716
1341846326.591828 -0.031828173 0.198039100 0.204771385 0.111399174 0.020962521 0.077440009 0.990532100
1341846326.627027 -0.028511032 0.210392162 0.207292020 0.111476019 0.022352714 0.076200128 0.990589201
1341846326.658442 -0.025995474 0.227701172 0.210654438 0.109689437 0.025888044 0.074928917 0.990799546
1341846326.694856 -0.032328948 0.239272982 0.208941102 0.106031768 0.029625176 0.075177096 0.991074204
1341846326.726206 -0.033975832 0.255589575 0.209948435 0.100611389 0.030838110 0.073219985 0.991748512
1341846326.762753 -0.027700273 0.269813478 0.212937146 0.095083483 0.032840401 0.070472099 0.992428482
1341846326.826821 -0.035862576 0.296595156 0.225347146 0.080175787 0.039525568 0.065476879 0.993842185
1341846326.858887 -0.036201499 0.300723732 0.224832118 0.071879931 0.040744349 0.064238451 0.994508207
1341846326.895360 -0.041761886 0.298356175 0.234744489 0.069433980 0.040595561 0.066204824 0.994559109
1341846326.926897 -0.043903183 0.303690970 0.233911425 0.071157493 0.036986127 0.067870997 0.994465768
1341846326.958888 -0.037143592 0.316745698 0.229371995 0.073760174 0.034275558 0.070745617 0.994172871
1341846326.994594 -0.035646841 0.331752002 0.230655134 0.075092860 0.034669299 0.073120065 0.993887603
1341846327.026301 -0.033940166 0.350134104 0.226210505 0.073519059 0.035890330 0.072586551 0.994001031
1341846327.063945 -0.032636601 0.351766586 0.227169007 0.069796793 0.038158301 0.069288321 0.994420171
1341846327.094662 -0.032274343 0.357230723 0.237132415 0.068591818 0.040109687 0.067760937 0.994532466
1341846327.128901 -0.037309393 0.366479009 0.238728613 0.067815974 0.040669110 0.066308290 0.994660854
1341846327.161940 -0.034294039 0.379192531 0.241215602 0.066732369 0.039253924 0.065522484 0.994843066
1341846327.193867 -0.027423171 0.384166420 0.240608171 0.065449700 0.040034901 0.063811459 0.995008349
1341846327.229885 -0.024392378 0.398901522 0.243848041 0.066850990 0.043054752 0.062496550 0.994872570
1341846327.262014 -0.023697797 0.408984751 0.253979683 0.066477209 0.047485083 0.059790421 0.994862318
1341846327.294023 -0.004995544 0.414741099 0.244592041 0.068455435 0.057053078 0.055680126 0.994463921
1341846327.330015 -0.024670325 0.437381864 0.227733403 0.071724415 0.069784246 0.050327562 0.993706644
1341846327.361939 -0.027511930 0.447518349 0.249487728 0.069026574 0.075804226 0.043838210 0.993764222
1341846327.393887 -0.026555045 0.458431751 0.255252361 0.067964338 0.077949204 0.037769627 0.993920624
1341846327.429966 -0.033969671 0.483138144 0.253721088 0.066996351 0.078035466 0.038264420 0.993960679
1341846327.461965 -0.046141628 0.489829391 0.249379829 0.057663441 0.074758977 0.036579560 0.994860768
1341846327.497931 -0.028829066 0.501254499 0.263837785 0.053696793 0.070970997 0.036412772 0.995366216
1341846327.530068 -0.031406194 0.514088035 0.274163663 0.052422587 0.071945049 0.038693488 0.995278120
1341846327.561895 -0.036342986 0.526821136 0.286817431 0.051563296 0.070452847 0.043387692 0.995236218
1341846327.598010 -0.038236354 0.533083498 0.293258131 0.053316668 0.067243285 0.048901256 0.995110214
1341846327.629945 -0.046427846 0.543662727 0.289017081 0.053822957 0.063206457 0.048784651 0.995353281
1341846327.662003 -0.050337069 0.542651713 0.284821242 0.052556753 0.060503505 0.044643313 0.995783150
1341846327.697919 -0.038447984 0.567660987 0.285197288 0.056542043 0.057915494 0.045606114 0.995675087
1341846327.730075 -0.040925894 0.591615856 0.290035367 0.053548578 0.057110399 0.047017626 0.995821416
1341846327.766017 -0.040306155 0.595445871 0.292006522 0.048263978 0.056650009 0.047463313 0.996096671
1341846327.797917 -0.041357465 0.614473701 0.290473968 0.044131581 0.055935919 0.050141156 0.996197462
1341846327.830054 -0.041019641 0.617116392 0.291956246 0.036654510 0.055404961 0.050205722 0.996527076
1341846327.865944 -0.040515237 0.623341441 0.291199625 0.032603581 0.056788620 0.049795344 0.996610463
1341846327.898010 -0.043856561 0.637597680 0.297120124 0.030326368 0.058012716 0.051427659 0.996528983
1341846327.929991 -0.042852432 0.643400848 0.298748225 0.025653521 0.056293909 0.049178299 0.996872306
1341846327.966065 -0.041872751 0.654581904 0.297885001 0.021494802 0.056401938 0.046476535 0.997094154
1341846327.998073 -0.043061491 0.663620710 0.297814369 0.015124146 0.057566371 0.043684836 0.997270763
1341846328.034045 -0.043016922 0.670130670 0.300411910 0.009420827 0.058365569 0.041870300 0.997372329
1341846328.065993 -0.043017395 0.668172598 0.300985873 0.003442442 0.059083875 0.042291705 0.997350812
1341846328.098045 -0.045719422 0.653429270 0.305198520 0.000617512 0.060163409 0.042395942 0.997287631
1341846328.133967 -0.046499867 0.656370759 0.303898573 0.004404809 0.058931332 0.046538863 0.997166872
1341846328.166023 -0.046559718 0.654809117 0.301585078 0.004401685 0.055501904 0.048577257 0.997266471
1341846328.198018 -0.045357823 0.641221702 0.299275607 0.003281557 0.052632798 0.045818765 0.997556806
1341846328.234044 -0.047517844 0.627357960 0.296943963 0.005249153 0.051595639 0.043954704 0.997686505
1341846328.265899 -0.045441002 0.620038450 0.293344826 0.007458924 0.049491320 0.044821117 0.997740448
1341846328.302051 -0.043562863 0.598417163 0.282677293 0.008950252 0.048914362 0.045228258 0.997738242
1341846328.333917 -0.046291798 0.586562932 0.286801666 0.012185271 0.049353231 0.047430366 0.997580111
1341846328.366008 -0.046073947 0.555616856 0.286729544 0.016171802 0.049149059 0.043757077 0.997701466
1341846328.402010 -0.052182414 0.544044375 0.304244041 0.028603610 0.051258955 0.047418717 0.997148871
1341846328.433920 -0.046638168 0.526496947 0.281865567 0.032567777 0.049213845 0.047572721 0.997122943
1341846328.470003 -0.039037094 0.501585245 0.273842871 0.031374894 0.047114987 0.041355964 0.997539759
1341846328.502194 -0.035361618 0.469480067 0.267319053 0.031372737 0.049264420 0.032853197 0.997752190
1341846328.534033 -0.031558461 0.447059751 0.263588578 0.031648759 0.051862769 0.029634938 0.997712553
1341846328.570125 -0.036017571 0.423260242 0.267575920 0.033068534 0.053102076 0.030219717 0.997583807
1341846328.602804 -0.037789047 0.394228071 0.249230981 0.037410311 0.047874507 0.034779612 0.997546434
1341846328.672663 -0.030388946 0.369038314 0.258342057 0.049960546 0.034398906 0.031068211 0.997675002
1341846328.702975 -0.022780221 0.356273055 0.255456597 0.052600738 0.030534372 0.030733963 0.997675419
1341846328.770129 -0.017802872 0.322510123 0.248925522 0.060710259 0.027499279 0.026637031 0.997420907
1341846328.802331 -0.017717622 0.303574115 0.245540351 0.061043981 0.024808345 0.026604526 0.997471988
1341846328.838051 -0.011537936 0.287869334 0.238087848 0.064684398 0.022132115 0.024467433 0.997360229
1341846328.869939 -0.010102951 0.290222585 0.238413483 0.065607324 0.020869263 0.022961859 0.997362971
1341846328.904486 -0.010667730 0.265152693 0.232042670 0.059473313 0.018058455 0.022979097 0.997801960
1341846328.939814 -0.002685419 0.234347865 0.236145407 0.060965486 0.014699288 0.023087004 0.997764587
1341846328.970217 -0.000462192 0.234344482 0.224812299 0.065902844 0.012652053 0.026298590 0.997399211
1341846329.006232 0.001074119 0.220604777 0.219644129 0.066501446 0.010468086 0.030405924 0.997268021
1341846329.038243 0.009787695 0.200539052 0.215209037 0.069210164 0.008721378 0.031609457 0.997063041
1341846329.106125 0.007978506 0.198440701 0.208378106 0.073150992 0.008883184 0.030003309 0.996829867
1341846329.138340 0.011466271 0.179611132 0.204179227 0.073893450 0.007797472 0.028149141 0.996838331
1341846329.169991 0.010993735 0.179329947 0.201877028 0.076333843 0.006767075 0.027100766 0.996690989
1341846329.208656 0.016089631 0.169133216 0.197224528 0.076413445 0.005393469 0.026236344 0.996716380
1341846329.238169 0.017265851 0.170332849 0.194123775 0.076341569 0.004378705 0.026122505 0.996729851
1341846329.273827 0.015838053 0.154120266 0.194508061 0.074029148 0.003708743 0.026542852 0.996895909
1341846329.306052 0.016240498 0.152687579 0.188541591 0.074850701 0.001134901 0.025792671 0.996860504
1341846329.338104 0.021873748 0.150608689 0.186720744 0.071210243 -0.001037129 0.023966776 0.997172773
1341846329.373907 0.019442119 0.129303694 0.186101571 0.067310505 -0.001345592 0.022135045 0.997485578
1341846329.405985 0.021175886 0.119608566 0.183979854 0.068640344 -0.002989350 0.019225327 0.997451723
1341846329.442057 0.022638969 0.116633996 0.178250298 0.068091296 -0.003503677 0.015701465 0.997549415
1341846329.473950 0.020329202 0.101650514 0.175972462 0.066613808 -0.004410774 0.009876408 0.997720182
1341846329.506147 0.018663855 0.097052574 0.172479212 0.066962250 -0.006101314 0.006508727 0.997715592
1341846329.542121 0.016452167 0.084528498 0.171376437 0.064939171 -0.009007135 0.006263905 0.997828901
1341846329.574086 0.022435177 0.065253191 0.167914182 0.066626467 -0.011692486 0.004808263 0.997697890
1341846329.606387 0.021332230 0.065865248 0.165014997 0.069681101 -0.011947804 0.003651078 0.997491062
1341846329.641955 0.016692057 0.065109789 0.162363723 0.070389561 -0.012859714 0.003616348 0.997430146
1341846329.774077 0.024302395 0.033178575 0.156250671 0.068949938 -0.014521491 0.004021410 0.997506320
1341846329.681570 0.014267452 0.052040949 0.160815090 0.069113456 -0.015513972 0.003901583 0.997480571
1341846329.748113 0.023705846 0.047143571 0.157813206 0.071346797 -0.016419344 0.001866773 0.997314692
1341846329.810175 0.020216685 0.021263508 0.158573002 0.068865329 -0.012693769 0.006103944 0.997526526
1341846329.842255 0.017242238 0.012035143 0.157675683 0.070279531 -0.012371805 0.008942952 0.997410536
1341846329.874044 0.016494790 0.006094746 0.156335607 0.072147802 -0.012395116 0.012478362 0.997238874
1341846329.910073 0.016165055 0.011539944 0.151740104 0.072778918 -0.012827272 0.014592762 0.997158825
1341846329.942009 0.015808228 0.008374065 0.152570188 0.068023592 -0.013340114 0.020190341 0.997390211
1341846329.978087 0.016761962 -0.016543061 0.152919233 0.065322734 -0.013808424 0.021668598 0.997533321
1341846330.016305 0.020657897 -0.008372814 0.147543967 0.067745298 -0.013027131 0.019489150 0.997427225
1341846330.048192 0.014628670 -0.003337754 0.145514622 0.063977703 -0.011171628 0.020543545 0.997677326
1341846330.080418 0.015830263 -0.024522040 0.146146774 0.059126709 -0.011445397 0.022736464 0.997925937
1341846330.115886 0.017954927 -0.043133050 0.143478051 0.061013397 -0.010084761 0.023641828 0.997805953
1341846330.147839 0.010962179 -0.024713319 0.140539512 0.064688481 -0.009396852 0.025271764 0.997541189
1341846330.181257 0.014662313 -0.013298578 0.139682740 0.059899744 -0.010572246 0.029111503 0.997723818
1341846330.215852 0.015047215 -0.029252082 0.139771819 0.053174581 -0.009441306 0.028328914 0.998138666
1341846330.247833 0.010151778 -0.034265175 0.139421046 0.051399928 -0.008662513 0.027195288 0.998270214
1341846330.283913 0.008582539 -0.021132242 0.137228951 0.048289642 -0.009304442 0.027924059 0.998399615
1341846330.316011 0.002786677 -0.036169812 0.138278157 0.041546673 -0.009524626 0.026933409 0.998728037
1341846330.347868 0.004878882 -0.045850053 0.137589753 0.038959187 -0.011671718 0.026120467 0.998831153
1341846330.383835 0.009389747 -0.047223601 0.137608513 0.037228774 -0.012430224 0.026713118 0.998872340
1341846330.415934 0.007815161 -0.062648013 0.138726190 0.036038656 -0.011430139 0.025149856 0.998968482
1341846330.452561 0.002287526 -0.064145580 0.136751696 0.038963262 -0.011483490 0.023518763 0.998897791
1341846330.483903 -0.001537621 -0.058853295 0.134694099 0.039387345 -0.013128116 0.025822345 0.998804033
1341846330.515970 -0.002221760 -0.067332529 0.133945063 0.037624218 -0.015324599 0.029187500 0.998748064
1341846330.552099 0.000440363 -0.072016850 0.131752506 0.038819589 -0.016874047 0.031571366 0.998604774
1341846330.583876 -0.002108095 -0.062984638 0.128681675 0.038767640 -0.017009906 0.032166943 0.998585522
1341846330.619992 -0.010598281 -0.054606348 0.122212507 0.034710176 -0.017453738 0.031132549 0.998759866
1341846330.652136 -0.006566190 -0.061003726 0.122432984 0.027942393 -0.019494232 0.030006740 0.998968840
1341846330.683796 -0.010570908 -0.066405937 0.119288474 0.023074899 -0.019003415 0.028885555 0.999135673
1341846330.719991 -0.019893030 -0.080049016 0.118406348 0.019987918 -0.020349501 0.029318389 0.999163032
1341846330.752103 -0.023028081 -0.085204415 0.113738105 0.021569932 -0.024385292 0.033174612 0.998919189
1341846330.787952 -0.029248878 -0.078566909 0.105921395 0.022981785 -0.028574690 0.037132338 0.998637319
1341846330.819823 -0.024066932 -0.078618139 0.104263231 0.022647114 -0.033607889 0.038306993 0.998443902
1341846330.852208 -0.023326090 -0.069199353 0.099592961 0.022756632 -0.035402816 0.039220609 0.998343885
1341846330.914111 -0.027673060 -0.059215996 0.095585063 0.013857221 -0.038582336 0.039084714 0.998394608
1341846330.949903 -0.034177981 -0.070310943 0.096180856 0.010464275 -0.039129056 0.038829960 0.998424590
1341846330.981986 -0.041870523 -0.069539994 0.092412286 0.011425662 -0.043121200 0.039297163 0.998231292
1341846331.014111 -0.037635569 -0.063963316 0.088233143 0.011218370 -0.047632892 0.039926384 0.998003602
1341846331.082139 -0.039836511 -0.068520233 0.081367776 0.012709269 -0.050356500 0.036903843 0.997968376
1341846331.114334 -0.041478038 -0.065164201 0.078569211 0.012671041 -0.052441232 0.036280919 0.997884274
1341846331.149989 -0.039336152 -0.073668204 0.078127839 0.012531631 -0.053500872 0.035250496 0.997866750
1341846331.181954 -0.042039618 -0.074092135 0.075213559 0.015688002 -0.053692870 0.034095760 0.997851908
1341846331.218151 -0.051098205 -0.056732215 0.074473038 0.016535411 -0.056232650 0.034862891 0.997671843
1341846331.249914 -0.036191933 -0.070899054 0.072612181 0.013292899 -0.059077114 0.033993158 0.997585893
1341846331.318141 -0.031300988 -0.068156049 0.074212931 0.024029553 -0.049651444 0.029854590 0.998031080
1341846331.349926 -0.027201055 -0.064030305 0.074922673 0.023334170 -0.047310468 0.028998606 0.998186529
1341846331.382003 0.009861194 -0.087298192 0.084964231 0.024346011 -0.043117344 0.027971104 0.998381555
1341846331.418008 -0.005789070 -0.076303288 0.091016337 0.032025002 -0.032229584 0.027887911 0.998577952
1341846331.450327 -0.017786341 -0.064641707 0.093592577 0.034890555 -0.026170351 0.027794795 0.998661697
1341846331.486219 -0.024733812 -0.058241844 0.099765524 0.035315901 -0.023994314 0.029031293 0.998666227
1341846331.518344 -0.015034623 -0.060353078 0.105563022 0.033928812 -0.023827260 0.027691538 0.998756409
1341846331.550202 -0.008900252 -0.068811305 0.109769940 0.035559714 -0.019368438 0.026207065 0.998836100
1341846331.586139 -0.019207980 -0.054818407 0.114912182 0.038724139 -0.017187396 0.026537087 0.998749614
1341846331.617931 -0.012173105 -0.052671105 0.121585712 0.037810370 -0.018017247 0.027366996 0.998747647
1341846331.654027 -0.003896281 -0.060767028 0.129764840 0.037781760 -0.015854480 0.027799150 0.998773456
1341846331.686123 -0.011781437 -0.048459779 0.136656776 0.040903430 -0.012357275 0.029126057 0.998662055
1341846331.717954 -0.016234796 -0.038347419 0.144766361 0.038219329 -0.013267790 0.029508991 0.998745441
1341846331.754076 -0.004163477 -0.052120276 0.154883340 0.035133008 -0.013468728 0.028283758 0.998891532
1341846331.785920 -0.004067343 -0.052286454 0.166708991 0.038032409 -0.010594807 0.027114462 0.998852372
1341846331.818053 -0.008948859 -0.038405314 0.177603737 0.039453849 -0.008558073 0.027153989 0.998815715
1341846331.853849 -0.006927839 -0.046670012 0.188759163 0.037652887 -0.008290772 0.026574995 0.998903036
1341846331.885987 0.001802731 -0.048757762 0.200835243 0.040349621 -0.006310946 0.024578199 0.998863339
1341846331.922014 -0.001707390 -0.040430535 0.210504517 0.042765278 -0.002862861 0.023516990 0.998804212
1341846331.954037 0.004324424 -0.040578812 0.218945950 0.042442165 -0.000519356 0.024043730 0.998809457
1341846331.986135 0.011546887 -0.052230835 0.231697842 0.044012684 0.004609638 0.024945825 0.998708844
1341846332.022364 -0.003597346 -0.058969446 0.246524841 0.050266512 0.011067005 0.024285439 0.998379171
1341846332.054175 -0.008346366 -0.049713515 0.258971214 0.057432953 0.011318510 0.026364014 0.997937024
1341846332.086502 -0.001370399 -0.045137286 0.271534741 0.060370289 0.010544250 0.028793013 0.997704983
1341846332.122051 -0.003680011 -0.039972961 0.285732985 0.062438015 0.011780290 0.027767088 0.997592986
1341846332.153983 -0.009346893 -0.025955427 0.294706553 0.061321236 0.011680448 0.025284944 0.997729421
1341846332.190165 -0.011871015 -0.026209518 0.312247187 0.054768153 0.010261070 0.023016110 0.998181045
1341846332.254145 -0.009528724 -0.045027535 0.338158727 0.054001931 0.010204493 0.021417299 0.998258948
1341846332.289948 -0.012768870 -0.039650835 0.350623608 0.056255627 0.010158837 0.023221338 0.998094618
1341846332.322172 -0.011417574 -0.040456846 0.362065524 0.056943875 0.009506118 0.025480507 0.998006880
1341846332.354003 -0.003004434 -0.046152979 0.367941856 0.059058163 0.010717296 0.023395257 0.997922778
1341846332.390180 -0.003413565 -0.031531624 0.378087699 0.061641481 0.015340671 0.020089317 0.997778237
1341846332.422055 -0.008826598 -0.029743148 0.389784217 0.059756812 0.018223787 0.016604377 0.997908413
1341846332.458114 -0.003177844 -0.035270020 0.396875411 0.058694188 0.020054502 0.012732151 0.997993350
1341846332.489993 -0.012075573 -0.029506596 0.410962075 0.060142275 0.022467012 0.013968079 0.997839153
1341846332.522130 -0.019842634 -0.026067305 0.422669917 0.059527408 0.019278683 0.019442748 0.997851074
1341846332.558114 -0.017286528 -0.030389577 0.430840999 0.059087422 0.013636403 0.026681554 0.997803032
1341846332.589874 -0.008419403 -0.019317459 0.431291044 0.059400775 0.010268221 0.031202577 0.997693598
1341846332.621889 -0.005938171 -0.011932999 0.445654809 0.055484809 0.010288218 0.032699041 0.997870922
1341846332.658202 -0.000828129 -0.017942155 0.455148697 0.051322769 0.010489171 0.031800710 0.998120546
1341846332.690001 -0.000621088 -0.013957929 0.465349674 0.049618989 0.011358837 0.032834526 0.998163700
1341846332.726000 -0.003741272 -0.019107617 0.477949679 0.048223041 0.010662784 0.036640964 0.998107374
1341846332.758386 0.002194509 -0.017378427 0.488476157 0.049082696 0.007800512 0.038531620 0.998020709
1341846332.789937 0.013099235 -0.008053068 0.491998076 0.048957948 0.007647624 0.037476335 0.998068213
1341846332.825925 0.013314466 -0.009996612 0.505397081 0.046417933 0.010444136 0.035302751 0.998243451
1341846332.857898 0.015088566 -0.011395376 0.516332924 0.047192592 0.011691464 0.034866795 0.998208642
1341846332.894069 0.015128283 0.001975719 0.522798955 0.047862168 0.011607236 0.035109695 0.998169184
1341846332.926029 0.022291213 0.005410187 0.530513227 0.044480622 0.011501553 0.033639587 0.998377442
1341846332.958015 0.025695797 0.006835502 0.540986598 0.041577663 0.013727563 0.030840591 0.998564839
1341846332.994073 0.026324600 0.010091491 0.546471179 0.038810782 0.015007183 0.029330293 0.998703301
1341846333.026545 0.031365991 0.010171905 0.553300202 0.036240876 0.015818847 0.027090836 0.998850584
1341846333.057998 0.038335126 0.010902978 0.561157405 0.035222132 0.017626619 0.026880248 0.998862445
1341846333.094024 0.039970778 0.009021521 0.570059717 0.035222393 0.019224603 0.030590657 0.998726189
1341846333.126095 0.044302501 0.013703022 0.574312031 0.036067966 0.020752106 0.032758638 0.998596668
1341846333.161973 0.048878077 0.021456219 0.580177486 0.035368469 0.023219705 0.033905473 0.998529077
1341846333.195660 0.048738144 0.020730533 0.588105559 0.032682125 0.025409173 0.035678387 0.998505533
1341846333.226331 0.052018169 0.023099687 0.592433989 0.031552844 0.025745472 0.035554565 0.998537660
1341846333.262056 0.054224074 0.030230153 0.598123789 0.028901735 0.026005428 0.034240209 0.998657107
1341846333.294147 0.055560522 0.025535896 0.607336819 0.025029086 0.025868045 0.033374596 0.998794556
1341846333.326100 0.056854341 0.027728148 0.609256625 0.023518892 0.024585793 0.031888895 0.998912156
1341846333.362100 0.060669553 0.035397090 0.610337734 0.020900244 0.023452891 0.030718086 0.999034286
1341846333.394119 0.058039293 0.029879587 0.617685556 0.017306505 0.023034414 0.030016307 0.999134064
1341846333.429974 0.061695173 0.031670440 0.617315710 0.016714804 0.020780042 0.030027270 0.999193251
1341846333.462115 0.066066653 0.028215578 0.619928718 0.015970873 0.020623738 0.028648809 0.999249101
1341846333.494040 0.065585062 0.028442074 0.620788515 0.016781716 0.021648733 0.027144363 0.999256134
1341846333.529953 0.070033774 0.030713120 0.620671928 0.018026330 0.022271669 0.027201653 0.999219239
1341846333.562063 0.066706628 0.033511460 0.623469651 0.019205587 0.025107916 0.028529251 0.999092996
1341846333.594090 0.060755678 0.040287070 0.625287235 0.018468274 0.025014218 0.029670365 0.999076009
1341846333.629994 0.060742579 0.040947333 0.625297964 0.014830963 0.022392530 0.029042434 0.999217272
1341846333.662127 0.063440315 0.043347336 0.621363759 0.012204413 0.020963291 0.028138818 0.999309659
1341846333.697964 0.062837496 0.034383141 0.621477067 0.009484254 0.021219775 0.028572805 0.999321461
1341846333.730092 0.048363395 0.030709986 0.616223216 0.011615810 0.024057144 0.028946744 0.999223888
1341846333.762089 0.062128473 0.034991644 0.613776267 0.013735102 0.022222659 0.030868448 0.999181986
1341846333.798006 0.060563151 0.031541325 0.611265361 0.014778450 0.022857770 0.030708170 0.999157727
1341846333.830055 0.062503181 0.032135665 0.605516791 0.017425323 0.023790576 0.028782280 0.999150634
1341846333.866045 0.057589825 0.032231912 0.600836396 0.018474292 0.025675202 0.027452121 0.999122560
1341846333.897987 0.055487864 0.027875787 0.596304417 0.019771744 0.025848338 0.026355343 0.999122798
1341846333.930099 0.056079276 0.025000803 0.591279089 0.022404928 0.026392238 0.025239868 0.999081790
1341846333.965889 0.052852094 0.025920657 0.585628092 0.024860147 0.027636459 0.025066353 0.998994410
1341846333.997985 0.053662963 0.020405911 0.579323471 0.026968537 0.028314941 0.024593828 0.998932481
1341846334.030076 0.049904358 0.023180913 0.573170483 0.030532023 0.029867137 0.025440898 0.998763502
1341846334.066000 0.045344353 0.020793423 0.566855013 0.031964716 0.029872775 0.027016012 0.998677135
1341846334.097932 0.047254149 0.020473901 0.559295118 0.033855606 0.029386269 0.026780488 0.998635590
1341846334.133884 0.042590227 0.020095773 0.553130627 0.035284698 0.030814445 0.027003743 0.998537064
1341846334.166115 0.035264716 0.021791376 0.546024323 0.035908159 0.030100966 0.027786793 0.998515129
1341846334.198072 0.033941694 0.018958375 0.540250123 0.036036599 0.028423907 0.026986195 0.998581588
1341846334.234097 0.037750993 0.020613760 0.530241251 0.036515467 0.028393336 0.025816254 0.998596013
1341846334.266045 0.030475741 0.016539179 0.526515663 0.036208957 0.030539853 0.026079735 0.998537004
1341846334.297946 0.021797266 0.017299291 0.518871844 0.037712116 0.029755361 0.027435016 0.998468697
1341846334.334036 0.023437701 0.019198947 0.511324465 0.038171094 0.027670952 0.028328268 0.998486221
1341846334.365871 0.022677708 0.021146558 0.503446162 0.037849195 0.027695823 0.026509514 0.998547792
1341846334.401845 0.018970478 0.019620370 0.497183830 0.036337502 0.028743930 0.025394419 0.998603225
1341846334.433864 0.010216510 0.013938069 0.491599530 0.036070462 0.028425258 0.025673857 0.998614907
1341846334.466105 0.010405736 0.018449329 0.484011531 0.037179310 0.026526105 0.026801987 0.998596847
1341846334.502142 0.005320456 0.021066003 0.477935523 0.036194947 0.025438543 0.027824869 0.998633325
1341846334.540153 0.004305992 0.018193346 0.470166773 0.035413060 0.024124432 0.026589936 0.998727679
1341846334.602351 -0.009541480 0.026514770 0.453509808 0.031217983 0.021188611 0.019434571 0.999098957
1341846334.670161 -0.011624988 0.021399483 0.437301159 0.026094520 0.018446516 0.012345304 0.999413013
1341846334.702085 -0.017363237 0.018940881 0.430817187 0.024926571 0.016509917 0.012929154 0.999469340
1341846334.734751 -0.017151535 0.017553411 0.419867039 0.024897110 0.013590951 0.014592106 0.999491096
1341846334.770889 -0.021604560 0.017295361 0.412091017 0.024833053 0.012246707 0.017416477 0.999464869
1341846334.802194 -0.027829384 0.018838087 0.402293444 0.024598319 0.009983528 0.018244972 0.999481022
1341846334.833908 -0.025598601 0.018954894 0.391935438 0.024027834 0.008026863 0.016586673 0.999541461
1341846334.869874 -0.028892681 0.019875556 0.381747514 0.022551468 0.007800566 0.016341189 0.999581695
1341846334.902006 -0.037139744 0.017422613 0.373160630 0.020813135 0.006790787 0.016673297 0.999621272
1341846334.938010 -0.038270518 0.016748223 0.362269968 0.020363970 0.003383101 0.016160823 0.999656260
1341846334.970032 -0.034996118 0.015709722 0.353834271 0.020194430 0.002182384 0.015237844 0.999677539
1341846335.002203 -0.040216252 0.009238366 0.344798237 0.021066079 0.002849004 0.016581831 0.999636471
1341846335.037880 -0.051693611 0.012291892 0.333270460 0.024060810 0.000756962 0.018590055 0.999537349
1341846335.069990 -0.045088090 0.016710991 0.322127640 0.024650419 -0.003013325 0.018989332 0.999511242
1341846335.106038 -0.041775789 0.012002820 0.313514531 0.024339085 -0.002343988 0.017650690 0.999545157
1341846335.138045 -0.048749246 0.010812392 0.303434581 0.026068442 -0.000749261 0.016801605 0.999518633
1341846335.169900 -0.059471197 0.015875349 0.291771799 0.026965475 -0.002349905 0.016158935 0.999503016
1341846335.206091 -0.052716881 0.015033239 0.280660629 0.025876751 -0.005176016 0.014549731 0.999545872
1341846335.239365 -0.050476018 0.008965446 0.271191090 0.025252284 -0.004449652 0.012171447 0.999597073
1341846335.269948 -0.056298278 0.006889165 0.262150764 0.026780946 -0.002649545 0.010580061 0.999581814
1341846335.305972 -0.063396454 0.005866570 0.251328826 0.028676210 -0.003611657 0.010927373 0.999522507
1341846335.338012 -0.057717789 0.006145311 0.240435466 0.030218067 -0.005827081 0.012827879 0.999444008
1341846335.374005 -0.051540177 -0.005797000 0.232227176 0.033218801 -0.004771951 0.014055245 0.999337852
1341846335.406025 -0.055898927 -0.006783082 0.220202997 0.039851803 -0.001839673 0.015783712 0.999079227
1341846335.438079 -0.057967626 0.004729491 0.209899053 0.046225008 -0.001009211 0.019008353 0.998749673
1341846335.473998 -0.057640933 0.009084888 0.199699208 0.048535537 0.000474400 0.020359168 0.998613834
1341846335.507038 -0.059245519 0.014812753 0.189601213 0.049989443 0.003290541 0.018258318 0.998577416
1341846335.538040 -0.063633882 0.020434169 0.181734264 0.049718410 0.005748549 0.016238937 0.998614669
1341846335.574119 -0.070532538 0.023846522 0.173346132 0.047367271 0.006057358 0.016449671 0.998723686
1341846335.605970 -0.068235323 0.016206983 0.164960504 0.045279000 0.004936484 0.016094593 0.998832524
1341846335.641978 -0.066000476 0.016942108 0.152711824 0.046536703 0.005890869 0.013531462 0.998807549
1341846335.673993 -0.072537810 0.020629585 0.144056275 0.046523776 0.007086490 0.012920169 0.998808444
1341846335.706178 -0.075207435 0.019359890 0.134135753 0.045803480 0.005750819 0.013927574 0.998836815
1341846335.741982 -0.071365044 0.017094295 0.124112144 0.046149548 0.005058303 0.013387592 0.998831987
1341846335.773960 -0.074699558 0.022553578 0.111365288 0.046634473 0.005830672 0.012652765 0.998814821
1341846335.806271 -0.076499067 0.027557785 0.100692555 0.044847112 0.005186311 0.013087539 0.998894632
1341846335.842031 -0.074583814 0.023957491 0.092064567 0.042941384 0.005823823 0.012996342 0.998976111
1341846335.873966 -0.076466821 0.020500375 0.080395028 0.043293089 0.007433106 0.012240457 0.998959780
1341846335.910005 -0.083887108 0.028762707 0.070575297 0.043717086 0.007992930 0.013490661 0.998920858
1341846335.941936 -0.087830722 0.028481347 0.060264211 0.042750403 0.006152188 0.014464492 0.998962104
1341846335.974198 -0.085734710 0.028523237 0.047791455 0.042469371 0.004996825 0.012883422 0.999002218
1341846336.010032 -0.090031460 0.029440206 0.037953325 0.042348471 0.005281338 0.011179713 0.999026418
1341846336.042129 -0.096534230 0.031187708 0.028722160 0.041540585 0.004254933 0.011492370 0.999061644
1341846336.078076 -0.098586693 0.026919346 0.020021038 0.041263986 0.002410822 0.010572595 0.999089420
1341846336.110739 -0.096128255 0.027437989 0.012107141 0.041441243 0.001774823 0.009828213 0.999091029
1341846336.142002 -0.103551842 0.027767157 0.002370084 0.041423880 0.002270485 0.010338315 0.999085605
1341846336.183953 -0.108557895 0.032228924 -0.008339281 0.041362543 -0.000108084 0.011355580 0.999079645
1341846336.241891 -0.105962969 0.031231310 -0.020912778 0.039211262 -0.001384413 0.011237605 0.999166787
1341846336.277946 -0.114527218 0.025616707 -0.027449809 0.039289191 -0.000447201 0.012401874 0.999150813
1341846336.309977 -0.117657296 0.024132535 -0.034961537 0.041889761 -0.002894023 0.015262353 0.999001443
1341846336.346143 -0.117145523 0.030887108 -0.046095252 0.044068508 -0.004427191 0.016856987 0.998876452
1341846336.377975 -0.118017845 0.031854715 -0.051908322 0.045119960 -0.004176129 0.016084021 0.998843372
1341846336.410032 -0.121159986 0.033636436 -0.062790945 0.046168786 -0.003349580 0.015975840 0.998800278
1341846336.446041 -0.125706047 0.038079698 -0.072473958 0.045994621 -0.003611429 0.015699808 0.998811781
1341846336.477990 -0.123700462 0.035512004 -0.078766786 0.044623084 -0.003863584 0.015590553 0.998874784
1341846336.510056 -0.126805261 0.033460841 -0.083935082 0.044831865 -0.003037592 0.016010618 0.998861611
1341846336.546024 -0.126821160 0.033900410 -0.090825513 0.045925550 -0.003080905 0.017545983 0.998786032
1341846336.578003 -0.130063698 0.041657191 -0.099303253 0.046040211 -0.003425609 0.019850353 0.998736441
1341846336.614020 -0.126299903 0.041289724 -0.105481125 0.045252677 -0.003256552 0.019229842 0.998785198
1341846336.645982 -0.132307351 0.046604320 -0.109054871 0.044574369 -0.001418750 0.018150846 0.998840153
1341846336.678036 -0.140896931 0.042384591 -0.115690015 0.042514082 -0.002687398 0.018215680 0.998926222
1341846336.714024 -0.139883697 0.035012357 -0.115154929 0.043512773 -0.005327810 0.018325109 0.998870611
1341846336.746016 -0.145426095 0.032689419 -0.125165358 0.047190223 -0.007012432 0.019683424 0.998667359
1341846336.778014 -0.148139209 0.037897710 -0.141772345 0.049886089 -0.010863503 0.023190055 0.998426557
1341846336.820006 -0.145718306 0.040761281 -0.149282560 0.050495941 -0.014950296 0.025947310 0.998275220
1341846336.882056 -0.150128976 0.040796015 -0.158530861 0.053190038 -0.016900524 0.024568496 0.998139083
1341846336.914273 -0.156721964 0.031477496 -0.170312300 0.054872431 -0.020885635 0.026410151 0.997925460
1341846336.945998 -0.155895919 0.029360879 -0.171442255 0.060820367 -0.027402977 0.028922120 0.997353196
1341846336.981980 -0.158563092 0.050548866 -0.175002530 0.065558091 -0.031365611 0.026875777 0.996993482
1341846337.014238 -0.158438772 0.056604654 -0.175525710 0.062841229 -0.034356274 0.025248645 0.997112393
1341846337.046017 -0.155798092 0.050530784 -0.175132081 0.060136076 -0.035766657 0.020599730 0.997336507
1341846337.082104 -0.158689559 0.052727733 -0.180397734 0.059608910 -0.035964113 0.017398167 0.997421980
1341846337.114317 -0.164002359 0.052406557 -0.184562698 0.057751469 -0.037934661 0.016739370 0.997469544
1341846337.150037 -0.160564214 0.051121399 -0.186029553 0.056071617 -0.040081855 0.015720705 0.997498035
1341846337.181873 -0.154405519 0.050532877 -0.189616084 0.055584006 -0.040248416 0.012803799 0.997560322
1341846337.214073 -0.159324914 0.060163714 -0.194727853 0.053769678 -0.038412750 0.010425307 0.997759759
1341846337.250087 -0.169934645 0.046989806 -0.197961524 0.050401159 -0.039221130 0.011364074 0.997893929
1341846337.282028 -0.170441255 0.046819635 -0.202730626 0.051606189 -0.043349698 0.014605711 0.997619271
1341846337.317920 -0.160371587 0.053725045 -0.198855266 0.051675744 -0.045615088 0.015727051 0.997497618
1341846337.350018 -0.164334804 0.058892921 -0.203964636 0.050342694 -0.044734694 0.015458156 0.997609854
1341846337.382159 -0.160185605 0.051847033 -0.206689030 0.047098592 -0.044760391 0.013685153 0.997793078
1341846337.417941 -0.166661531 0.042990014 -0.211750731 0.047493257 -0.043574631 0.013123286 0.997834384
1341846337.450137 -0.168800965 0.050584786 -0.217226073 0.048534602 -0.045319702 0.014467679 0.997687936
1341846337.482096 -0.164573580 0.049185678 -0.214508951 0.046918005 -0.045984197 0.015569647 0.997718275
1341846337.518008 -0.167120963 0.041325077 -0.218199924 0.047381740 -0.046227753 0.015543852 0.997685492
1341846337.549978 -0.165820032 0.055301070 -0.219788894 0.048462838 -0.047084007 0.014044462 0.997615755
1341846337.585971 -0.167447194 0.050106421 -0.217837587 0.045350909 -0.047394194 0.013174979 0.997759283
1341846337.617903 -0.163948148 0.033624936 -0.218228742 0.045669246 -0.048082739 0.013382952 0.997708976
1341846337.650141 -0.163535565 0.045663349 -0.223330945 0.048936602 -0.048396692 0.012839966 0.997546017
1341846337.686352 -0.163971335 0.053858750 -0.218934074 0.047592837 -0.048177361 0.013134166 0.997617841
1341846337.718002 -0.159608021 0.049428478 -0.217034295 0.045388341 -0.048040751 0.013618505 0.997720659
1341846337.749920 -0.154328868 0.054981049 -0.212284446 0.045435548 -0.046407342 0.013159986 0.997801960
1341846337.786157 -0.157232925 0.064197011 -0.206902504 0.042876665 -0.043484505 0.013042536 0.998048365
1341846337.817945 -0.153336227 0.054546572 -0.201207370 0.039882332 -0.041642297 0.014516341 0.998230696
1341846337.854071 -0.148957834 0.061194260 -0.197065055 0.039136816 -0.038667817 0.014302405 0.998382986
1341846337.885951 -0.154276311 0.064669795 -0.193395972 0.036166418 -0.035871640 0.012139337 0.998627961
1341846337.918223 -0.152057469 0.064617090 -0.187199414 0.031841286 -0.034720693 0.009497465 0.998844504
1341846337.954120 -0.152592480 0.061248638 -0.182391390 0.029348986 -0.033171114 0.009082441 0.998977363
1341846337.985994 -0.147620425 0.069561005 -0.174600050 0.027124509 -0.032701313 0.009417313 0.999052644
1341846338.018107 -0.148012802 0.065564968 -0.165458933 0.023508132 -0.030911878 0.010376696 0.999191761
1341846338.054055 -0.142318368 0.070779480 -0.160963133 0.021423772 -0.029841807 0.009681744 0.999278128
1341846338.085986 -0.140396699 0.068599075 -0.151542634 0.017723652 -0.026707141 0.009817726 0.999437928
1341846338.121875 -0.140516371 0.062764294 -0.147236973 0.015500871 -0.024239784 0.010986491 0.999525607
1341846338.154089 -0.142859235 0.063989230 -0.138263524 0.014856345 -0.023477720 0.013848335 0.999518037
1341846338.186029 -0.140608773 0.066127352 -0.129800886 0.013793579 -0.024175022 0.016791856 0.999471545
1341846338.222071 -0.131906778 0.070448123 -0.119514778 0.012805161 -0.023587270 0.016828189 0.999498129
1341846338.254107 -0.134838849 0.066654317 -0.112345628 0.010755289 -0.021247765 0.016593907 0.999578655
1341846338.290130 -0.133637980 0.063429683 -0.105602205 0.011019239 -0.021360181 0.018189719 0.999545634
1341846338.321952 -0.131200656 0.069069810 -0.096137397 0.011473828 -0.020626005 0.020368807 0.999513865
1341846338.354022 -0.129263014 0.066467695 -0.086756527 0.010593079 -0.020139277 0.020846503 0.999523699
1341846338.389969 -0.128918067 0.073689923 -0.077520199 0.010641798 -0.019222870 0.021293318 0.999531806
1341846338.422377 -0.129744440 0.070747495 -0.067343913 0.008537121 -0.018697614 0.021243395 0.999563038
1341846338.454010 -0.128450945 0.073655494 -0.059876654 0.007766510 -0.019182524 0.020025074 0.999585271
1341846338.489894 -0.125108376 0.072449170 -0.047172785 0.005982914 -0.019827625 0.020687787 0.999571443
1341846338.522066 -0.121104226 0.067837656 -0.038232401 0.006358251 -0.019841697 0.020694271 0.999568760
1341846338.558058 -0.122541890 0.077733636 -0.029962705 0.006423171 -0.019540390 0.019531330 0.999597669
1341846338.589842 -0.117931306 0.074531913 -0.016221493 0.003896173 -0.020187907 0.019605936 0.999596357
1341846338.622019 -0.115009025 0.070541494 -0.007214556 0.004315767 -0.019225428 0.020814011 0.999589205
1341846338.657984 -0.119183749 0.077949785 -0.000905889 0.005208159 -0.018966384 0.022448506 0.999554515
1341846338.690198 -0.111743949 0.080553107 0.010275735 0.003244228 -0.020263137 0.022174988 0.999543488
1341846338.722454 -0.106518276 0.072914883 0.023427617 0.001958388 -0.019483067 0.022514435 0.999554753
1341846338.757945 -0.113027558 0.080101334 0.026785808 0.002730619 -0.018832132 0.023927893 0.999532580
1341846338.790039 -0.108217523 0.079596482 0.041971624 0.000485408 -0.021282641 0.024653826 0.999469340
1341846338.826048 -0.097566381 0.076448195 0.053806487 0.000533530 -0.021183668 0.023589361 0.999497116
1341846338.858027 -0.102508150 0.084088795 0.059982188 0.001093684 -0.019098451 0.022257339 0.999569237
1341846338.889902 -0.101155624 0.085282542 0.070393242 -0.001508929 -0.020073794 0.021913921 0.999557197
1341846338.925948 -0.092010632 0.080314115 0.083438575 -0.002478404 -0.020163475 0.020575015 0.999581873
1341846338.958108 -0.092772067 0.082450226 0.094615631 -0.001923447 -0.017939260 0.019254459 0.999651790
1341846338.990057 -0.091839261 0.081224404 0.106744900 -0.001681981 -0.017886462 0.020104880 0.999636471
1341846339.025928 -0.083040588 0.077019341 0.117402911 -0.000116809 -0.017629297 0.020848986 0.999627173
1341846339.057939 -0.084201999 0.084049858 0.127033651 0.003239169 -0.015013922 0.020883527 0.999663949
1341846339.093927 -0.089367881 0.092436373 0.136538461 0.002501269 -0.014815398 0.021548249 0.999654889
1341846339.126562 -0.081704095 0.096853405 0.145191848 -0.000407146 -0.016557543 0.020559778 0.999651432
1341846339.157969 -0.077531576 0.093546979 0.157444045 -0.003243573 -0.013953671 0.018509936 0.999726057
1341846339.194113 -0.082661644 0.096918814 0.160946414 -0.004969141 -0.012431297 0.019519791 0.999719858
1341846339.228165 -0.079900809 0.100641131 0.173618346 -0.008259155 -0.014695172 0.022222389 0.999610901
1341846339.257998 -0.067563042 0.097542301 0.189336240 -0.011013672 -0.015066990 0.022663472 0.999568880
1341846339.294132 -0.068365276 0.102360383 0.198750541 -0.010796818 -0.012229708 0.023654103 0.999587059
1341846339.326577 -0.076816551 0.113782242 0.199559525 -0.013554375 -0.013101988 0.026202654 0.999478877
1341846339.362269 -0.062964514 0.106698535 0.215021074 -0.018671118 -0.016674122 0.024693711 0.999381602
1341846339.394725 -0.058514286 0.106980354 0.223429918 -0.019584863 -0.014907499 0.024130816 0.999405801
1341846339.462186 -0.051110547 0.107044332 0.243103951 -0.023062050 -0.016360257 0.024246147 0.999306083
1341846339.496743 -0.040279351 0.104037002 0.253879428 -0.020672545 -0.013185873 0.022143714 0.999454081
1341846339.562052 -0.044424415 0.103992254 0.271504551 -0.019325610 -0.009387070 0.023753325 0.999486923
1341846339.595122 -0.033787955 0.106206223 0.279329687 -0.017134586 -0.009675600 0.023448903 0.999531329
1341846339.632085 -0.028182946 0.105795287 0.288093954 -0.015988858 -0.006425767 0.022132449 0.999606550
1341846339.664568 -0.027988741 0.106537841 0.296313822 -0.015586669 -0.003415361 0.019426754 0.999683976
1341846339.698896 -0.029376687 0.105564840 0.308233827 -0.015683260 -0.001970406 0.018325707 0.999707103
1341846339.731977 -0.023847671 0.103973605 0.313804865 -0.015717722 -0.002084447 0.016989637 0.999729931
1341846339.762241 -0.019224692 0.101742119 0.325736046 -0.015578947 -0.001024861 0.016548645 0.999741197
1341846339.797873 -0.018735446 0.100835741 0.332739741 -0.015642798 -0.000404677 0.017846605 0.999718308
1341846339.830245 -0.015412331 0.100885205 0.341568828 -0.015734155 -0.001016013 0.018018199 0.999713302
1341846339.862015 -0.011573050 0.101492681 0.346746117 -0.016215110 -0.001069435 0.017889991 0.999707878
1341846339.897797 -0.006438005 0.101133354 0.356073320 -0.017199224 -0.000277153 0.017138397 0.999705136
1341846339.929916 -0.005480134 0.097370997 0.366207123 -0.017768566 0.000923467 0.018791702 0.999665082
1341846339.961960 -0.003053265 0.094718017 0.372130215 -0.016717574 0.000197077 0.019904444 0.999662101
1341846339.997845 0.003996349 0.096069060 0.373635918 -0.015267007 0.000770389 0.019846339 0.999686182
1341846340.029925 0.005773538 0.093622930 0.382138938 -0.014618577 0.003228497 0.021146905 0.999664307
1341846340.066044 0.007836141 0.092735708 0.388570547 -0.012672306 0.004527221 0.022247611 0.999661922
1341846340.098009 0.008277695 0.094638526 0.393415391 -0.011634655 0.005260508 0.023260932 0.999647915
1341846340.130102 0.011769519 0.094184458 0.399127275 -0.012385315 0.004890104 0.022267509 0.999663353
1341846340.166041 0.018368326 0.090562202 0.404895127 -0.011875848 0.006607236 0.020522229 0.999697030
1341846340.197867 0.016072664 0.095248297 0.413472176 -0.010153126 0.009533023 0.020184852 0.999699235
1341846340.229904 0.017149730 0.097094551 0.419441104 -0.011333102 0.009363407 0.020213643 0.999687612
1341846340.265859 0.024086559 0.092684999 0.427264184 -0.012212374 0.009838309 0.019578675 0.999685347
1341846340.298061 0.024195721 0.093768001 0.435854763 -0.010037326 0.012366252 0.020044150 0.999672234
1341846340.334063 0.020990107 0.100631684 0.440902680 -0.010327194 0.011921430 0.021749286 0.999639034
1341846340.366064 0.028079543 0.093362883 0.446324557 -0.012673968 0.009332136 0.021190247 0.999651551
1341846340.397995 0.032116227 0.092664935 0.451518893 -0.010874039 0.009747677 0.020901255 0.999674857
1341846340.433895 0.032037966 0.094310299 0.454396129 -0.010077085 0.009620594 0.021730771 0.999666750
1341846340.465959 0.031508490 0.092992783 0.453801155 -0.009672708 0.007469161 0.023258248 0.999654830
1341846340.501858 0.036754891 0.094088912 0.457063019 -0.008752533 0.003669929 0.023642881 0.999675393
1341846340.534329 0.041584630 0.094382420 0.457059264 -0.008143614 0.002039786 0.023475371 0.999689162
1341846340.566041 0.046580594 0.090157226 0.459163010 -0.007378344 0.000898562 0.024074767 0.999682546
1341846340.601909 0.051421851 0.090708107 0.455697566 -0.004847213 0.000050959 0.024492018 0.999688268
1341846340.634005 0.052552152 0.095742293 0.452772588 -0.003502071 -0.000262074 0.023238905 0.999723792
1341846340.666028 0.058897436 0.092293032 0.453137189 -0.004013264 -0.000660055 0.021247828 0.999765992
1341846340.701946 0.063535787 0.090374470 0.449002057 -0.002380428 0.000488259 0.019426506 0.999808311
1341846340.733954 0.063879065 0.095017023 0.448846370 -0.000847386 0.002355520 0.017301505 0.999847174
1341846340.770081 0.063606314 0.094678067 0.445986062 -0.001666056 0.002918580 0.014841910 0.999884188
1341846340.801980 0.069158144 0.093306348 0.443279892 -0.001812356 0.003445249 0.009908643 0.999943316
1341846340.833999 0.067695081 0.096057698 0.443213284 -0.001743373 0.005992023 0.005679011 0.999964416
1341846340.870013 0.065153353 0.094933175 0.444724321 -0.003187168 0.006179923 0.003624673 0.999969244
1341846340.901955 0.067530312 0.091511533 0.441991836 -0.002589111 0.005687253 0.003529669 0.999974251
1341846340.933918 0.066896141 0.091786332 0.439684361 -0.000557685 0.005334946 0.005771357 0.999968946
1341846340.970122 0.063640185 0.093604073 0.435638666 0.000832441 0.002749386 0.010304258 0.999942780
1341846341.001922 0.063873000 0.089921363 0.431688309 0.001642274 -0.001243632 0.015532436 0.999877214
1341846341.037923 0.067200392 0.092008263 0.429012448 0.003311432 -0.004107015 0.018750720 0.999810278
1341846341.070300 0.067549959 0.090841189 0.426390916 0.003602631 -0.004925690 0.018771436 0.999805152
1341846341.102028 0.064094953 0.091381513 0.423496842 0.003698201 -0.005911578 0.019085715 0.999793530
1341846341.137982 0.065569513 0.089799292 0.420917720 0.003615126 -0.007956019 0.019142041 0.999778569
1341846341.170048 0.068129659 0.088947020 0.419579744 0.003984411 -0.008633229 0.020276947 0.999749184
1341846341.202110 0.067887247 0.087227874 0.415899634 0.005244162 -0.008877708 0.021960502 0.999705672
1341846341.237996 0.070611313 0.087951243 0.413406730 0.007086204 -0.009019143 0.022831274 0.999673545
1341846341.269883 0.067196690 0.088642217 0.412811249 0.008280972 -0.008194382 0.023218671 0.999662519
1341846341.306107 0.065626748 0.088419586 0.408867091 0.008936485 -0.008537703 0.022025418 0.999680996
1341846341.338109 0.068892993 0.087207794 0.406478643 0.009511823 -0.008537185 0.020610698 0.999705851
1341846341.370120 0.067939289 0.088294290 0.405004382 0.010262958 -0.007157258 0.017843945 0.999762535
1341846341.406074 0.063285105 0.088294543 0.406924754 0.010285419 -0.006333483 0.016887756 0.999784410
1341846341.438113 0.062305577 0.082407244 0.404922783 0.010862829 -0.008030750 0.017106477 0.999762416
1341846341.470024 0.067167327 0.084057242 0.401020139 0.013849787 -0.008772241 0.015875677 0.999739587
1341846341.506077 0.063777924 0.090803839 0.401386231 0.014398102 -0.007577346 0.014564410 0.999761522
1341846341.538156 0.058415383 0.086802080 0.401178479 0.013141703 -0.008753534 0.014422847 0.999771297
1341846341.574016 0.061808623 0.086292699 0.399768233 0.014006590 -0.011357670 0.015707428 0.999714017
1341846341.612466 0.060581464 0.088791370 0.397663802 0.014750459 -0.011914598 0.016226165 0.999688566
1341846341.643972 0.057813127 0.090838157 0.396857649 0.014136747 -0.013014808 0.015093471 0.999701440
1341846341.679982 0.056610867 0.088122547 0.395576686 0.013581567 -0.014304196 0.015781408 0.999680877
1341846341.712332 0.053844877 0.088536933 0.393784821 0.014323901 -0.016243260 0.018525019 0.999593794
1341846341.744185 0.056189407 0.087530069 0.390763074 0.014661946 -0.018390805 0.020356465 0.999516070
1341846341.780061 0.056511868 0.089720510 0.387774169 0.015315690 -0.018951261 0.021913355 0.999462903
1341846341.842595 0.060937718 0.083131202 0.382378161 0.016942481 -0.020182269 0.026511790 0.999301136
1341846341.906227 0.060194775 0.080150761 0.377857953 0.020094700 -0.020741509 0.031800278 0.999076962
1341846341.942069 0.062190499 0.073973082 0.375938803 0.022836151 -0.020865941 0.033632882 0.998955429
1341846341.974775 0.061143965 0.077109352 0.372665584 0.026591919 -0.020783955 0.034871429 0.998821735
1341846342.010161 0.057563841 0.078259006 0.370820254 0.027436642 -0.021789914 0.036890365 0.998704910
1341846342.042024 0.066650152 0.071071252 0.367417514 0.028257996 -0.023409341 0.037664346 0.998616457
1341846341.875779 0.056071356 0.083300062 0.380137473 0.018737104 -0.020050880 0.029904673 0.999175966
1341846342.080032 0.068232760 0.075400263 0.364917547 0.030839307 -0.021269722 0.037609391 0.998590052
1341846342.112265 0.062920861 0.072665364 0.365906030 0.031088399 -0.020049663 0.039193239 0.998546660
1341846342.147954 0.064046264 0.066809759 0.364058197 0.032832563 -0.021352129 0.041260637 0.998380542
1341846342.179852 0.068213589 0.069297142 0.361801207 0.035994153 -0.021162594 0.042687647 0.998215556
1341846342.211848 0.066927314 0.070966162 0.362633735 0.036781572 -0.020449670 0.042718165 0.998200417
1341846342.247920 0.068028204 0.068016283 0.361224413 0.037634686 -0.020366920 0.041456193 0.998223543
1341846342.279870 0.068999238 0.067785807 0.361360580 0.039157569 -0.019970372 0.041661747 0.998164415
1341846342.316068 0.068472899 0.068116158 0.358803898 0.040486410 -0.019675160 0.042588759 0.998078108
1341846342.347894 0.069205530 0.070863724 0.356987596 0.041130610 -0.019751357 0.042603489 0.998049676
1341846342.379953 0.071630515 0.068951309 0.356259406 0.041039068 -0.019387405 0.042709135 0.998056054
1341846342.416195 0.068529524 0.069821738 0.356413096 0.041782927 -0.018871518 0.043766897 0.997989237
