1341846092.020000 0.000000000 0.000000000 0.000000000 0.000000000 0.000000000 0.000000000 1.000000000
1341846092.060000 0.000401447 0.000772031 0.000421873 0.001422242 0.000507864 -0.001565332 0.999997616
1341846092.090000 0.000532365 0.000835078 0.000381636 0.002892271 0.000928588 -0.001792159 0.999993801
1341846092.120000 0.001384357 0.002387371 0.000099932 0.004647791 0.000834981 -0.001523784 0.999987662
1341846092.160000 0.000478397 0.002334154 -0.000221582 0.005969441 0.001006728 0.000134099 0.999981642
1341846092.190000 0.001510472 0.003448723 0.000592146 0.007713340 0.000330658 0.001065248 0.999969602
1341846092.230000 0.001975843 0.005561170 0.000668304 0.008996440 0.000904830 -0.000041251 0.999959111
1341846092.260000 -0.000008176 0.005157848 0.000562167 0.008285768 0.001640962 -0.000728947 0.999964058
1341846092.290000 0.001961467 0.003423311 0.002611058 0.008834595 0.001032367 -0.001594057 0.999959171
1341846092.330000 0.001421678 0.001547578 0.002548657 0.010965223 0.001480914 -0.002630476 0.999935329
1341846092.360000 0.000539923 -0.000398908 0.002333312 0.013442982 0.001685544 -0.003414447 0.999902368
1341846092.400000 0.001978524 -0.000354592 0.002471521 0.016312171 0.001317700 -0.005714346 0.999849737
1341846092.430000 0.002736551 -0.001169679 0.001885018 0.018805893 0.001800735 -0.008340209 0.999786735
1341846092.460000 0.003221651 -0.002214462 0.002011544 0.021297542 0.002159731 -0.010572075 0.999714971
1341846092.500000 0.002656528 -0.003725041 0.001894739 0.024397196 0.002614996 -0.012788960 0.999617100
1341846092.530000 0.004567124 -0.004106938 0.001304392 0.028087545 0.002525082 -0.015493308 0.999482214
1341846092.560000 0.007294366 -0.007158183 0.001331128 0.032068294 0.003877210 -0.017199049 0.999330163
1341846092.600000 0.003097002 -0.007597617 0.000791907 0.036729019 0.005661777 -0.018024733 0.999146640
1341846092.630000 0.003410601 -0.010130333 0.000757165 0.040808454 0.004655325 -0.017598376 0.999001145
1341846092.660000 0.008849998 -0.007105597 0.000816217 0.045863025 0.004900973 -0.018902151 0.998756886
1341846092.700000 0.007316255 -0.007594005 -0.000043222 0.048360750 0.006997621 -0.020102032 0.998603106
1341846092.730000 0.007119434 -0.011962932 0.001003995 0.051036209 0.007174626 -0.020282377 0.998465002
1341846092.760000 0.003561976 -0.014261453 -0.001039444 0.057688981 0.007483412 -0.017195346 0.998158455
1341846092.800000 0.004590585 -0.013254853 -0.000712817 0.062738590 0.005698360 -0.016433349 0.997878432
1341846092.830000 0.012031717 -0.016164487 -0.000042037 0.068308108 0.004724034 -0.021157214 0.997428715
1341846092.860000 0.009766527 -0.014402886 -0.001762665 0.072617203 0.007893980 -0.027018975 0.996962607
1341846092.900000 0.005778519 -0.017961081 -0.000975236 0.073570602 0.008652035 -0.030008797 0.996800900
1341846092.930000 0.009685179 -0.023369713 -0.000439501 0.077567011 0.007597131 -0.030077346 0.996504366
1341846092.960000 0.012225722 -0.022263540 -0.001493398 0.083883204 0.008334780 -0.029642098 0.995999753
1341846093.000000 0.010108112 -0.026878271 -0.001635876 0.088089041 0.009230927 -0.028988155 0.995647907
1341846093.030000 0.012239194 -0.034294795 -0.002008611 0.094794720 0.008358018 -0.026677273 0.995104253
1341846093.060000 0.012846566 -0.028185187 -0.003724429 0.103709325 0.008672656 -0.025611129 0.994240046
1341846093.130000 0.020107232 -0.032104563 -0.002466138 0.110373117 0.010707417 -0.030527536 0.993363559
1341846093.160000 0.014099681 -0.032544807 -0.003193596 0.116290487 0.013082447 -0.027582569 0.992745996
1341846093.190000 0.013788504 -0.036370873 -0.004441927 0.120827988 0.011180038 -0.023438584 0.992333710
1341846093.230000 0.016621122 -0.034941066 -0.005716292 0.126221061 0.011355008 -0.022879792 0.991673231
1341846093.260000 0.015790254 -0.037911709 -0.004814196 0.130548596 0.013474683 -0.022840898 0.991087198
1341846093.290000 0.015083777 -0.040029526 -0.004012621 0.135730237 0.015089334 -0.022547567 0.990374327
1341846093.330000 0.012962352 -0.041012909 -0.005426641 0.141795635 0.016071936 -0.021409258 0.989533901
1341846093.360000 0.019531051 -0.042758517 -0.005811038 0.145786583 0.015703902 -0.021678073 0.988953888
1341846093.390000 0.019303208 -0.045153823 -0.006080973 0.149079144 0.016946258 -0.021814525 0.988439322
1341846093.430000 0.019768067 -0.050320696 -0.005933037 0.154469401 0.015989104 -0.018976444 0.987685919
1341846093.460000 0.023572622 -0.049112491 -0.007601378 0.161063388 0.014761428 -0.017321512 0.986681640
1341846093.490000 0.025449000 -0.053110428 -0.009525860 0.165903866 0.015115915 -0.016148226 0.985893846
1341846093.530000 0.028084138 -0.056182809 -0.010035216 0.171502382 0.015013038 -0.013200982 0.984980881
1341846093.560000 0.028277434 -0.058755960 -0.011777028 0.178256676 0.014841686 -0.009979879 0.983821452
1341846093.590000 0.031083670 -0.058657803 -0.016307004 0.183996424 0.014452694 -0.009358556 0.982776105
1341846093.630000 0.031434726 -0.061292280 -0.018327525 0.186945245 0.015646091 -0.010101942 0.982193768
1341846093.660000 0.031098470 -0.065439641 -0.021337828 0.192286447 0.015756477 -0.011721388 0.981142282
1341846093.690000 0.028252164 -0.068031095 -0.020753132 0.197516710 0.016424755 -0.012564237 0.980081379
1341846093.730000 0.027142107 -0.072297208 -0.022153178 0.202005446 0.015638543 -0.012096887 0.979184806
1341846093.760000 0.029887993 -0.074931495 -0.024763666 0.209942594 0.013494195 -0.010111500 0.977568269
1341846093.790000 0.027564432 -0.081548244 -0.026236109 0.216242313 0.010750393 -0.005420497 0.976265490
1341846093.830000 0.031866863 -0.077445351 -0.028195616 0.223874822 0.007524657 -0.004093822 0.974580228
1341846093.860000 0.034501042 -0.078218363 -0.027554300 0.228556812 0.008588663 -0.008518453 0.973455429
1341846093.890000 0.028919090 -0.092779748 -0.033541519 0.233355165 0.008948057 -0.009686681 0.972302139
1341846093.930000 0.032233965 -0.094105653 -0.036519334 0.241187274 0.005392017 -0.008664843 0.970424950
1341846093.960000 0.036437389 -0.095191069 -0.036084786 0.249190733 0.004937478 -0.005788338 0.968424559
1341846093.990000 0.036879681 -0.093507849 -0.037872516 0.255552948 0.005695204 -0.005869190 0.966760457
1341846094.030000 0.035270430 -0.099598244 -0.036510222 0.258263946 0.006186464 -0.008452307 0.966017604
1341846094.060000 0.041779011 -0.093815543 -0.040782891 0.262885362 0.007308868 -0.008382550 0.964762926
1341846094.100000 0.036275927 -0.102717072 -0.030945657 0.266931444 0.008504496 -0.006493045 0.963656127
1341846094.130000 0.043030377 -0.093175948 -0.041202877 0.269501776 0.008876153 -0.007242376 0.962931752
1341846094.160000 0.046194691 -0.092366688 -0.038923241 0.272378713 0.010527294 -0.007585999 0.962102592
1341846094.200000 0.056042925 -0.096348032 -0.040008798 0.271076053 0.013514842 -0.008717086 0.962423563
1341846094.230000 0.048963938 -0.098922193 -0.038238429 0.272206128 0.016063312 -0.007609439 0.962074757
1341846094.260000 0.052774433 -0.092657946 -0.037015308 0.271438569 0.016582094 -0.007638811 0.962282598
1341846094.300000 0.055993270 -0.093574554 -0.037862256 0.269124091 0.018491272 -0.009159919 0.962884426
1341846094.330000 0.053382408 -0.090579525 -0.033086181 0.267182052 0.020784045 -0.010625642 0.963363290
1341846094.370000 0.049326640 -0.090499923 -0.034743194 0.263500273 0.020175703 -0.009763538 0.964398921
1341846094.400000 0.050785076 -0.087734908 -0.032103710 0.260404289 0.017894175 -0.007942955 0.965301156
1341846094.430000 0.048524972 -0.089155242 -0.028010173 0.253846884 0.018770447 -0.007908341 0.967029929
1341846094.470000 0.050490495 -0.081011072 -0.037304912 0.247057587 0.017380808 -0.006744008 0.968821466
1341846094.500000 0.052891899 -0.082100675 -0.032417823 0.240694985 0.013701939 -0.003142076 0.970499039
1341846094.530000 0.054648068 -0.078644268 -0.033371001 0.234446198 0.011105731 0.001451074 0.972064614
1341846094.570000 0.053230476 -0.072953552 -0.035875861 0.226733655 0.009259215 0.003607069 0.973906100
1341846094.600000 0.047078010 -0.077583462 -0.025951676 0.218974859 0.009830379 0.003818075 0.975673497
1341846094.630000 0.052756954 -0.056936484 -0.025545450 0.212608144 0.007405813 0.009588175 0.977062404
1341846094.670000 0.054113142 -0.059472181 -0.025666775 0.205709934 0.005289586 0.012736864 0.978515804
1341846094.700000 0.059116472 -0.056701794 -0.029131411 0.197701305 0.007579090 0.009978864 0.980182230
1341846094.730000 0.055407394 -0.054024544 -0.025045618 0.191863164 0.011730968 0.010921781 0.981290817
1341846094.770000 0.045976825 -0.045275480 -0.022859396 0.187486306 0.012182380 0.017373605 0.982038021
1341846094.800000 0.049692389 -0.050533615 -0.023566419 0.180465296 0.007778844 0.023435540 0.983271360
1341846094.830000 0.060204409 -0.038655467 -0.018468389 0.176003784 0.006502828 0.026167750 0.984020174
1341846094.870000 0.053995952 -0.038398720 -0.015050543 0.168076307 0.009623763 0.025238870 0.985403836
1341846094.900000 0.053461745 -0.028860748 -0.020194991 0.159211725 0.009173732 0.028125117 0.986801147
1341846094.970000 0.055956326 -0.025597462 -0.015561997 0.143257305 0.004875462 0.036848314 0.988987267
1341846095.000000 0.049655214 -0.019255567 -0.020658866 0.132251099 0.007407547 0.030938970 0.990705550
1341846095.030000 0.055611972 -0.025632078 -0.021830022 0.120623559 0.007671969 0.032091845 0.992149830
1341846095.080000 0.057180125 -0.028066963 -0.018218938 0.116522662 0.008504163 0.033469167 0.992587507
1341846095.130000 0.059210349 -0.027231263 -0.018116131 0.108659066 0.011777950 0.037063587 0.993318081
1341846095.170000 0.056069475 -0.017396156 -0.013178632 0.107752979 0.012291891 0.042440452 0.993195355
1341846095.200000 0.054743432 -0.014188686 -0.014076609 0.104047455 0.011312385 0.045500245 0.993466616
1341846095.230000 0.056520671 -0.011052244 -0.014001019 0.098978311 0.010966257 0.045022540 0.994010091
1341846095.270000 0.054638587 -0.010976354 -0.014486654 0.093662255 0.011901277 0.044456400 0.994539797
1341846095.300000 0.048650660 -0.008924652 -0.016280066 0.087803580 0.010729093 0.045881666 0.995022774
1341846095.340000 0.051903989 -0.005849997 -0.013843497 0.082715139 0.007765639 0.047721516 0.995399714
1341846095.370000 0.055783685 -0.002852059 -0.012320532 0.076506123 0.007966866 0.047311623 0.995914161
1341846095.400000 0.052937962 -0.004696264 -0.013352357 0.071216412 0.009122462 0.048360255 0.996246099
1341846095.440000 0.051236689 0.000154279 -0.013129583 0.067392051 0.008773682 0.049328823 0.996467769
1341846095.470000 0.054788150 -0.000320927 -0.011397259 0.063405335 0.009013876 0.051992670 0.996591806
1341846095.500000 0.054067630 0.002026462 -0.012002883 0.060188159 0.010146065 0.052880857 0.996733665
1341846095.540000 0.051533643 0.006880941 -0.012381371 0.054642305 0.011533797 0.050610531 0.997155845
1341846095.570000 0.053913403 0.006437153 -0.010992080 0.049236465 0.011995296 0.050349474 0.997445107
1341846095.610000 0.053548027 0.006135363 -0.009799917 0.044698294 0.012482759 0.051345982 0.997602046
1341846095.640000 0.052519999 0.004578997 -0.010321692 0.041085493 0.012500315 0.053143572 0.997663021
1341846095.670000 0.055246480 0.008544661 -0.009872631 0.038512096 0.011941849 0.053753730 0.997739792
1341846095.710000 0.058731992 0.012071651 -0.009686091 0.034778982 0.013300832 0.053706523 0.997862279
1341846095.740000 0.055332180 0.010640495 -0.012102993 0.030434394 0.015589342 0.055597235 0.997867584
1341846095.770000 0.055044714 0.010608976 -0.012372613 0.027338794 0.015601881 0.057518445 0.997848094
1341846095.840000 0.058185764 0.019002149 -0.013934330 0.019733941 0.017402831 0.056070562 0.998080075
1341846095.870000 0.059872806 0.020960798 -0.016038818 0.015358234 0.019293698 0.054038737 0.998234272
1341846095.910000 0.056017306 0.026704723 -0.017042557 0.009770086 0.019380989 0.057172652 0.998128355
1341846095.940000 0.062330257 0.027635492 -0.015019901 0.005500885 0.017122196 0.058256097 0.998139679
1341846095.970000 0.068342485 0.026295211 -0.016500464 0.000850394 0.017345184 0.059457403 0.998079777
1341846096.010000 0.065610625 0.025269620 -0.019571364 -0.004884617 0.017708378 0.060616106 0.997992158
1341846096.040000 0.065594859 0.029448062 -0.016763767 -0.009084383 0.016497482 0.059768982 0.998034596
1341846096.070000 0.068771601 0.034785584 -0.016238758 -0.012833106 0.015682718 0.057634309 0.998132110
1341846096.110000 0.063654318 0.038333628 -0.014947550 -0.017812736 0.017030105 0.054863647 0.998189747
1341846096.140000 0.064533204 0.036137577 -0.011442418 -0.024786977 0.016636774 0.053653169 0.998113334
1341846096.170000 0.066085681 0.032748915 -0.007172347 -0.028270472 0.015263874 0.053428739 0.998054743
1341846096.210000 0.063815378 0.032437578 -0.009072416 -0.029663978 0.016193351 0.052954447 0.998024881
1341846096.240000 0.061992891 0.038990732 -0.009984458 -0.030847287 0.015673416 0.054475024 0.997915506
1341846096.270000 0.067139149 0.042071719 -0.009383880 -0.033435632 0.013806168 0.053704802 0.997901440
1341846096.310000 0.064352885 0.045146864 -0.012065100 -0.036786210 0.014842790 0.051365476 0.997891843
1341846096.340000 0.064309724 0.043186739 -0.008303709 -0.040473361 0.014259255 0.051867403 0.997731626
1341846096.370000 0.067356989 0.042411324 -0.004903969 -0.041631497 0.012452405 0.051443785 0.997730136
1341846096.410000 0.069754250 0.045416314 -0.009737760 -0.042372636 0.013076947 0.049258694 0.997801185
1341846096.440000 0.066619404 0.047400888 -0.008155189 -0.045151599 0.013936854 0.047160365 0.997769058
1341846096.470000 0.068113044 0.045370758 -0.007541507 -0.048648115 0.012867676 0.045149427 0.997712076
1341846096.510000 0.069881611 0.044166040 -0.007725987 -0.051189724 0.012801317 0.043186389 0.997672677
1341846096.540000 0.071556382 0.041012123 -0.009041380 -0.053255599 0.013532813 0.042620011 0.997579217
1341846096.580000 0.064499952 0.044176415 -0.013544112 -0.054528046 0.015301912 0.041312374 0.997539878
1341846096.610000 0.060682513 0.044850662 -0.017149620 -0.059290662 0.015385706 0.039419781 0.997343481
1341846096.640000 0.065734185 0.047196176 -0.012468569 -0.064168535 0.013881246 0.037074700 0.997153521
1341846096.680000 0.064824343 0.047957130 -0.014213399 -0.066861250 0.014880300 0.035650045 0.997014165
1341846096.710000 0.061521377 0.048343912 -0.017325776 -0.072278783 0.015362514 0.035902653 0.996619701
1341846096.750000 0.066399582 0.051183809 -0.012995818 -0.077114977 0.013697211 0.035098180 0.996310115
1341846096.780000 0.064339094 0.055364072 -0.014062475 -0.080064796 0.015173310 0.031327564 0.996181726
1341846096.810000 0.062573880 0.052779965 -0.016316216 -0.087931745 0.016357847 0.029261794 0.995562255
1341846096.850000 0.065824956 0.056102879 -0.012942835 -0.094089486 0.014990990 0.028736468 0.995036006
1341846096.880000 0.069608510 0.059772938 -0.010032384 -0.097391881 0.014399144 0.026936667 0.994777322
1341846096.910000 0.065635189 0.057656996 -0.013558416 -0.102098420 0.015889147 0.027260911 0.994273782
1341846096.950000 0.066395529 0.057376876 -0.014102973 -0.109630167 0.014656183 0.027467184 0.993484735
1341846096.980000 0.069156915 0.061694406 -0.012265538 -0.117094353 0.014317731 0.024469726 0.992716014
1341846097.010000 0.068654120 0.063445017 -0.012750352 -0.123768799 0.015752938 0.021964831 0.991942883
1341846097.050000 0.068461388 0.063653484 -0.011916190 -0.132121176 0.016836841 0.021340603 0.990860760
1341846097.080000 0.069802143 0.065941818 -0.010573655 -0.137847453 0.017055379 0.021015726 0.990083575
1341846097.110000 0.065986298 0.070402756 -0.011273729 -0.141721427 0.018647848 0.018426796 0.989559352
1341846097.150000 0.066527665 0.070508040 -0.010198475 -0.145816103 0.020123294 0.017181661 0.988957822
1341846097.180000 0.069647610 0.067459285 -0.008889278 -0.150268197 0.019991068 0.018234542 0.988274932
1341846097.210000 0.071349971 0.064603403 -0.008181883 -0.152512729 0.017597826 0.018951206 0.987963080
1341846097.250000 0.069413736 0.070565440 -0.008683268 -0.153323516 0.016424637 0.017793197 0.987879336
1341846097.280000 0.072365329 0.074073270 -0.007922562 -0.155461580 0.016908661 0.017484481 0.987542510
1341846097.310000 0.074619479 0.069743611 -0.008826396 -0.158366948 0.016477669 0.020940699 0.987020671
1341846097.350000 0.072378859 0.070508733 -0.010651722 -0.162043303 0.015406094 0.025398439 0.986336470
1341846097.380000 0.072228625 0.077733137 -0.009645481 -0.164987400 0.016877290 0.027070170 0.985779643
1341846097.410000 0.069628403 0.077924885 -0.011913821 -0.168163627 0.020376947 0.026050245 0.985204101
1341846097.450000 0.073694348 0.067631975 -0.014772220 -0.178837806 0.020096447 0.025239317 0.983349442
1341846097.480000 0.071752295 0.079501569 -0.014204556 -0.184694424 0.020493144 0.023889871 0.982291818
1341846097.510000 0.070591420 0.079868525 -0.013536107 -0.191788688 0.022410393 0.020646246 0.980963111
1341846097.550000 0.076517902 0.072232187 -0.010428246 -0.201391518 0.022459971 0.019321382 0.979062676
1341846097.590000 0.073968247 0.074751347 -0.011988880 -0.208948150 0.022944683 0.019194866 0.977469027
1341846097.650000 0.075788066 0.081543587 -0.009276075 -0.216543883 0.024310708 0.014574545 0.975861311
1341846097.680000 0.078012228 0.079205617 -0.009492273 -0.222083688 0.023895780 0.014537485 0.974626303
1341846097.710000 0.080310516 0.088477343 -0.009027021 -0.223738238 0.023124404 0.014832297 0.974261999
1341846097.750000 0.076812863 0.085865013 -0.010824447 -0.224853188 0.024042116 0.013208816 0.974006474
1341846097.780000 0.076865025 0.080773227 -0.011930065 -0.229696602 0.023588538 0.011496404 0.972908437
1341846097.820000 0.076559633 0.086835764 -0.010735469 -0.231603429 0.023201237 0.009410799 0.972488046
1341846097.850000 0.073483013 0.095264994 -0.012278209 -0.226892695 0.023749540 0.008486085 0.973593175
1341846097.880000 0.073791228 0.092595086 -0.013391651 -0.226481333 0.022714054 0.008560801 0.973712981
1341846097.920000 0.075001359 0.095084384 -0.013404431 -0.225613087 0.021246914 0.007824518 0.973953843
1341846097.950000 0.070356049 0.100846648 -0.016291061 -0.220571071 0.022267615 0.007315082 0.975089252
1341846097.990000 0.069404438 0.101661608 -0.018235130 -0.215179309 0.023302158 0.006728601 0.976273358
1341846098.020000 0.069400728 0.107982904 -0.019189006 -0.207937837 0.023016728 0.005845951 0.977853715
1341846098.050000 0.067675419 0.097055927 -0.016745863 -0.203837335 0.023690047 0.001856912 0.978716373
1341846098.090000 0.066808075 0.093689047 -0.016086578 -0.200056389 0.025639124 -0.004220496 0.979439795
1341846098.120000 0.056221742 0.093517542 -0.017132822 -0.198918685 0.031436086 -0.012118469 0.979436696
1341846098.150000 0.063662753 0.087407619 -0.014255848 -0.200320244 0.031221922 -0.015223661 0.979114473
1341846098.190000 0.064563975 0.092893369 -0.015695473 -0.194652483 0.030343786 -0.010660928 0.980344832
1341846098.220000 0.056976918 0.100643039 -0.016597012 -0.184419766 0.031790711 -0.006721045 0.982310295
1341846098.250000 0.053830471 0.107195228 -0.018563166 -0.173612401 0.035330813 -0.005845852 0.984162748
1341846098.290000 0.063123494 0.094305091 -0.018276080 -0.166926503 0.034158390 -0.005979635 0.985359311
1341846098.320000 0.061778765 0.089818530 -0.018641656 -0.156642631 0.036121450 -0.006391348 0.986973882
1341846098.350000 0.063677460 0.076501980 -0.015913870 -0.149879709 0.038478911 -0.008869779 0.987915397
1341846098.390000 0.060776863 0.072749935 -0.017755199 -0.141923785 0.041193321 -0.011669452 0.988951266
1341846098.420000 0.064493880 0.075749367 -0.016225360 -0.133743599 0.044077273 -0.016431931 0.989898920
1341846098.450000 0.064408191 0.071389131 -0.014712106 -0.131020769 0.046920143 -0.020412177 0.990058303
1341846098.490000 0.067142285 0.061525624 -0.011158791 -0.129396349 0.046555247 -0.020709647 0.990282953
1341846098.520000 0.067408480 0.061394878 -0.011242792 -0.122188233 0.045916393 -0.020241436 0.991237640
1341846098.550000 0.066517211 0.061226729 -0.011361990 -0.113809071 0.047134969 -0.017485226 0.992229819
1341846098.590000 0.068854950 0.059761867 -0.011993650 -0.107023291 0.046667870 -0.013708085 0.993066072
1341846098.620000 0.068939023 0.057216063 -0.013669590 -0.098479606 0.045907963 -0.011146089 0.994017065
1341846098.650000 0.069598779 0.053826012 -0.015543203 -0.090846062 0.046088252 -0.008945410 0.994757652
1341846098.690000 0.069576718 0.049236994 -0.017210422 -0.083613671 0.045051053 -0.005748534 0.995462775
1341846098.720000 0.072947815 0.046043452 -0.017008791 -0.074718915 0.043411404 -0.002740721 0.996255517
1341846098.750000 0.071123205 0.042096201 -0.018256139 -0.063741289 0.041688025 -0.000077501 0.997095346
1341846098.790000 0.076825283 0.035905648 -0.017993787 -0.053660110 0.039814949 0.003435308 0.997759283
1341846098.830000 0.074604459 0.036245264 -0.021053109 -0.039853860 0.040172148 0.006006426 0.998379588
1341846098.890000 0.083178386 0.014252298 -0.019894574 -0.022402665 0.034488786 0.012004783 0.999081850
1341846098.920000 0.083424978 0.010741576 -0.020984214 -0.009281511 0.033982337 0.014067496 0.999280334
1341846098.960000 0.077470280 0.015118559 -0.026326997 0.003179237 0.034403387 0.014340909 0.999300063
1341846098.990000 0.075565517 0.013958758 -0.027961267 0.011785946 0.031411991 0.012523122 0.999358594
1341846099.020000 0.084486932 0.000865615 -0.025511254 0.020567253 0.028878778 0.012009699 0.999299169
1341846099.060000 0.078240372 0.011036406 -0.030608185 0.034548815 0.030054217 0.010452029 0.998896301
1341846099.090000 0.078968562 0.011627810 -0.028959459 0.043643370 0.028714614 0.009439432 0.998589814
1341846099.120000 0.082832769 0.008213546 -0.028312417 0.053374756 0.027290262 0.011052920 0.998140335
1341846099.160000 0.076919779 0.015348390 -0.030766394 0.062238969 0.027816698 0.010523221 0.997618079
1341846099.190000 0.078623064 0.012484659 -0.031171421 0.067285113 0.027449539 0.008475321 0.997320116
1341846099.230000 0.078517281 0.013709441 -0.030132756 0.073853061 0.027880440 0.009116224 0.996837676
1341846099.260000 0.075274050 0.015455954 -0.031478468 0.078918971 0.027366295 0.010688866 0.996447980
1341846099.300000 0.085111685 0.016149279 -0.029070826 0.082618482 0.025442967 0.012319556 0.996180236
1341846099.330000 0.085989445 0.017857477 -0.029107098 0.084657155 0.027286338 0.014061378 0.995937169
1341846099.360000 0.084969461 0.021483917 -0.028537391 0.086057134 0.029296435 0.014878086 0.995748222
1341846099.400000 0.088352218 0.024356589 -0.026435191 0.085284218 0.031303003 0.014029186 0.995765984
1341846099.430000 0.093015634 0.025110824 -0.026442282 0.084285714 0.035493646 0.013359164 0.995719671
1341846099.460000 0.095665120 0.023175662 -0.023387482 0.084254965 0.040633783 0.014099037 0.995515525
1341846099.500000 0.102769583 0.024759797 -0.026302977 0.084841147 0.045833167 0.015044567 0.995226085
1341846099.560000 0.114110582 0.019130001 -0.021142840 0.087060049 0.065890171 0.013186313 0.993934155
1341846099.630000 0.108104475 0.023060273 -0.020824889 0.089048199 0.087040983 0.010572680 0.992160499
1341846099.660000 0.114733972 0.023561550 -0.021483393 0.088334292 0.096458264 0.007108742 0.991384029
1341846099.690000 0.115212850 0.018487103 -0.021129355 0.087602787 0.108338736 0.005668940 0.990230441
1341846099.730000 0.122418821 0.016200585 -0.016127478 0.088814422 0.118231051 0.006223166 0.988986671
1341846099.760000 0.125232473 0.011106722 -0.012358330 0.090913273 0.127539843 0.012323363 0.987581134
1341846099.790000 0.127687812 0.012158072 -0.015077908 0.095632546 0.137491316 0.020946529 0.985652983
1341846099.830000 0.129662141 0.017299296 -0.015734762 0.097439520 0.147893444 0.023355333 0.983914435
1341846099.860000 0.136825770 0.013825055 -0.013798680 0.096892506 0.158209473 0.025448112 0.982310534
1341846099.890000 0.130711794 0.010340288 -0.014468089 0.098435864 0.168400690 0.028758267 0.980369627
1341846099.930000 0.130663112 0.009800900 -0.014314009 0.099918045 0.175991043 0.032006513 0.978784502
1341846099.960000 0.141246021 0.012363620 -0.017522264 0.101929009 0.184263378 0.033398706 0.977006674
1341846099.990000 0.136544898 0.010041821 -0.017085403 0.101604894 0.195851132 0.032287449 0.974821150
1341846100.030000 0.139973626 0.009687943 -0.017739724 0.102214597 0.204865724 0.033493944 0.972861946
1341846100.070000 0.147246361 0.009705076 -0.024050787 0.103872128 0.215478599 0.033556305 0.970388353
1341846100.100000 0.141755134 0.008225101 -0.021032427 0.105156697 0.226513639 0.037003454 0.967607558
1341846100.130000 0.137106061 0.007973170 -0.021849819 0.106787093 0.233898699 0.039462578 0.965572655
1341846100.170000 0.144534752 0.010578241 -0.022158060 0.109160535 0.240315437 0.042407211 0.963604748
1341846100.200000 0.138093859 0.011328020 -0.026487868 0.109478772 0.248427272 0.043464120 0.961462021
1341846100.240000 0.142093614 0.012433069 -0.016824253 0.109872334 0.254630357 0.042787887 0.959823251
1341846100.270000 0.145240754 0.012692343 -0.023541067 0.109606676 0.261209786 0.043658137 0.958044767
1341846100.300000 0.141035408 0.011509569 -0.031603232 0.109268159 0.267222792 0.047393847 0.956245899
1341846100.340000 0.138080716 0.011135992 -0.031010076 0.109657764 0.273855329 0.046959005 0.954344451
1341846100.370000 0.136582762 0.012498875 -0.051004969 0.108792551 0.279276282 0.049051847 0.952765882
1341846100.400000 0.139937460 0.012725590 -0.043988269 0.108978696 0.281480640 0.050651804 0.952011943
1341846100.440000 0.155885354 0.009878441 -0.037130784 0.109149858 0.284145474 0.050716851 0.951196849
1341846100.470000 0.150828511 0.014480804 -0.045886196 0.110389538 0.291542292 0.048474304 0.948929667
1341846100.500000 0.154284924 0.011859477 -0.037721556 0.110881530 0.295895994 0.047254995 0.947585225
1341846100.540000 0.161736205 0.010369147 -0.036953844 0.113068059 0.301836878 0.044255964 0.945595860
1341846100.570000 0.162533000 0.011173786 -0.040354356 0.115082577 0.308955938 0.044692174 0.943029583
1341846100.600000 0.169754267 0.011245419 -0.042558905 0.116263106 0.316429228 0.041662421 0.940542221
1341846100.640000 0.155953303 0.010083107 -0.043303523 0.117109954 0.327982634 0.036316007 0.936693013
1341846100.670000 0.162743524 0.010254581 -0.040680069 0.116351038 0.330811232 0.042089112 0.935550570
1341846100.730000 0.161651909 0.012754284 -0.056612283 0.119594336 0.337119788 0.044645708 0.932766974
1341846100.770000 0.166175067 0.014763260 -0.049733523 0.118550941 0.342664301 0.043187026 0.930946708
1341846100.800000 0.159631923 0.011898810 -0.055626474 0.117446162 0.348830909 0.044719316 0.928721488
1341846100.830000 0.161721796 0.014564282 -0.046836026 0.118675135 0.351006955 0.049822312 0.927484810
1341846100.870000 0.155105248 0.016781945 -0.051687483 0.116956182 0.350764900 0.051146269 0.927722633
1341846100.900000 0.161397219 0.011937733 -0.046317004 0.116325386 0.350336909 0.049303479 0.928063393
1341846100.930000 0.159297466 0.016869314 -0.048781030 0.118552759 0.351003617 0.055832122 0.927159369
1341846100.970000 0.156467348 0.015316781 -0.043286286 0.117961079 0.348281235 0.055851936 0.928259611
1341846101.000000 0.161180034 0.013585197 -0.051918004 0.118087314 0.347194105 0.053305268 0.928800404
1341846101.030000 0.153938383 0.016747721 -0.049734045 0.118422672 0.347879440 0.056558315 0.928308725
1341846101.070000 0.154703066 0.017495584 -0.036370728 0.117541231 0.343651384 0.057089042 0.929961622
1341846101.100000 0.157251447 0.014852683 -0.042233288 0.117168181 0.341521174 0.054446585 0.930951357
1341846101.130000 0.148351088 0.023221798 -0.047660567 0.116932943 0.340085596 0.056285702 0.931397021
1341846101.170000 0.146798179 0.019134089 -0.040651131 0.113300137 0.335209131 0.051296014 0.933898628
1341846101.200000 0.155129090 0.017460667 -0.046995137 0.112317950 0.330467075 0.051519915 0.935693264
1341846101.230000 0.141383618 0.020041153 -0.045036256 0.111609139 0.329705447 0.046886723 0.936290205
1341846101.270000 0.148053735 0.015697872 -0.037449863 0.109395161 0.322522938 0.046705801 0.939058125
1341846101.300000 0.145079300 0.014668132 -0.044905387 0.108625017 0.318581730 0.043348748 0.940652549
1341846101.330000 0.136884570 0.017335501 -0.051231813 0.107675545 0.314902365 0.043905072 0.941973925
1341846101.370000 0.139522314 0.015423089 -0.047532313 0.106055811 0.309560061 0.039779626 0.944109321
1341846101.400000 0.132229716 0.016632266 -0.048680976 0.104358062 0.304615110 0.039467614 0.945918262
1341846101.440000 0.130326256 0.013755732 -0.052879699 0.103198685 0.299071372 0.036915977 0.947915375
1341846101.470000 0.131580189 0.013936116 -0.047287367 0.101972215 0.293222964 0.038430702 0.949813128
1341846101.500000 0.131964236 0.012538737 -0.039386369 0.102075815 0.286933213 0.036617901 0.951792479
1341846101.540000 0.128421575 0.013422052 -0.047249440 0.102629088 0.283934057 0.033797521 0.952736259
1341846101.570000 0.129060552 0.016325384 -0.056949027 0.102028884 0.277673692 0.037418909 0.954508901
1341846101.600000 0.122477978 0.018759890 -0.054738034 0.100292616 0.269748360 0.034044217 0.957088411
1341846101.640000 0.125959784 0.014283492 -0.046279728 0.097741470 0.264639407 0.030779378 0.958887517
1341846101.670000 0.120047569 0.010945731 -0.049157992 0.097181998 0.258022845 0.034716766 0.960611582
1341846101.710000 0.122894473 0.011086686 -0.040468276 0.099079557 0.248771369 0.038272392 0.962720752
1341846101.740000 0.123072505 0.011840635 -0.042614192 0.100933202 0.243202403 0.038637277 0.963935792
1341846101.770000 0.102362849 0.011527215 -0.062574543 0.101797238 0.239396334 0.040382937 0.964725852
1341846101.810000 0.109667398 0.015704621 -0.037896279 0.102927819 0.233087361 0.035332005 0.966347694
1341846101.840000 0.109095395 0.016854905 -0.038269222 0.103374429 0.229454592 0.034296688 0.967206359
1341846101.870000 0.103338808 0.017626703 -0.045443896 0.103583589 0.224170744 0.038898069 0.968248308
1341846101.910000 0.101705812 0.018017171 -0.044863768 0.102602303 0.216372475 0.039219640 0.970112085
1341846101.940000 0.107061006 0.019287463 -0.037565485 0.103003323 0.209907934 0.039081857 0.971494555
1341846101.970000 0.098021723 0.018114343 -0.045602508 0.103802867 0.204665944 0.039062154 0.972528160
1341846102.010000 0.075758450 0.019026849 -0.067272156 0.104836866 0.194667757 0.042072341 0.974342704
1341846102.040000 0.095609836 0.016886417 -0.046265833 0.105282955 0.182860866 0.043450505 0.976519108
1341846102.070000 0.079780303 0.019446088 -0.079400346 0.106684275 0.176814407 0.043047454 0.977497876
1341846102.110000 0.063313477 0.029156519 -0.075381428 0.105406724 0.166020572 0.040500231 0.979635835
1341846102.140000 0.079543404 0.024414524 -0.047329150 0.101858914 0.156231895 0.038540777 0.981697977
1341846102.170000 0.072287701 0.023845896 -0.053371370 0.099962331 0.151400149 0.036082994 0.982742846
1341846102.210000 0.062815078 0.028967045 -0.067057133 0.098257728 0.141665399 0.034135927 0.984434426
1341846102.240000 0.048569176 0.025945634 -0.077874199 0.094012439 0.130655780 0.032608796 0.986421525
1341846102.270000 0.060617883 0.023714617 -0.056260373 0.092558071 0.117377363 0.030500095 0.988294125
1341846102.310000 0.039892014 0.027643779 -0.068235882 0.091316074 0.111459903 0.024843106 0.989252687
1341846102.340000 0.039938260 0.026638644 -0.074663244 0.087866306 0.095218733 0.023198854 0.991299510
1341846102.370000 0.051159319 0.022444870 -0.053463772 0.087513544 0.081409492 0.021282170 0.992603123
1341846102.410000 0.051125184 0.021785207 -0.056137074 0.089857556 0.072414793 0.019959671 0.993117988
1341846102.440000 0.027208485 0.034245096 -0.072531186 0.090232708 0.064651415 0.015241197 0.993703127
1341846102.470000 0.051365618 0.022565197 -0.050231293 0.088492066 0.050586708 0.014841340 0.994680762
1341846102.510000 0.064556926 0.021856669 -0.044408049 0.091096453 0.046516437 0.014305629 0.994652212
1341846102.540000 0.050028268 0.028031312 -0.055712558 0.092710868 0.046305809 0.011447577 0.994549870
1341846102.570000 0.047482159 0.031377647 -0.055191152 0.089308865 0.037837867 0.011768684 0.995215356
1341846102.610000 0.059810165 0.019615611 -0.049930569 0.089176565 0.032045074 0.018253811 0.995332778
1341846102.640000 0.054003846 0.023068883 -0.054540846 0.093639597 0.028503094 0.021782491 0.994959652
1341846102.680000 0.027224958 0.032057535 -0.080454171 0.093906045 0.022203153 0.021775924 0.995095193
1341846102.710000 0.044629119 0.026701905 -0.066154584 0.091656394 0.005295266 0.024458868 0.995476186
1341846102.740000 0.047902055 0.029514387 -0.062206566 0.092548877 -0.001444208 0.027832881 0.995317996
1341846102.780000 0.038213633 0.032495257 -0.070579037 0.091064937 -0.008582301 0.028463516 0.995401084
1341846102.810000 0.047572765 0.024148615 -0.060565513 0.088868819 -0.017299986 0.029546684 0.995454669
1341846102.840000 0.050681747 0.021293037 -0.059644908 0.094374232 -0.025568251 0.033604890 0.994640887
1341846102.880000 0.052486598 0.033555087 -0.060299169 0.095714122 -0.029118329 0.035719108 0.994341552
1341846102.910000 0.040517021 0.030541228 -0.069449134 0.092727512 -0.032776758 0.036116756 0.994496286
1341846102.950000 0.044212654 0.026597466 -0.066396371 0.092301816 -0.043490838 0.036166154 0.994123161
1341846102.980000 0.044297144 0.033877749 -0.070651613 0.093419030 -0.052942257 0.038914841 0.993456423
1341846103.010000 0.037209269 0.035352852 -0.072197400 0.088945456 -0.063155875 0.041514818 0.993164897
1341846103.050000 0.040987849 0.033070341 -0.069827192 0.085193105 -0.076352209 0.041066125 0.992585540
1341846103.080000 0.041299414 0.029128766 -0.062443197 0.085346341 -0.088378675 0.041622505 0.991550684
1341846103.110000 0.045677029 0.030107792 -0.063344002 0.086193748 -0.101762071 0.045493353 0.990022957
1341846103.150000 0.046777032 0.032100525 -0.065955251 0.086565942 -0.112839229 0.047651973 0.988687515
1341846103.180000 0.049670372 0.028060552 -0.063493177 0.086334907 -0.122287892 0.044073403 0.987749696
1341846103.210000 0.040928736 0.027668484 -0.070666179 0.088461637 -0.126245365 0.038856119 0.987282574
1341846103.250000 0.038442627 0.035275415 -0.074092820 0.089621417 -0.141484797 0.034707058 0.985264182
1341846103.280000 0.054160476 0.031325761 -0.068665318 0.087292530 -0.154386014 0.030928636 0.983660698
1341846103.310000 0.041564874 0.031747714 -0.074230991 0.087213956 -0.157830432 0.024100460 0.983311951
1341846103.350000 0.013488406 0.035738003 -0.089129232 0.086163998 -0.171686918 0.019943012 0.981173635
1341846103.380000 0.040193871 0.036183573 -0.070545368 0.083088562 -0.197385907 0.016542096 0.976658285
1341846103.410000 0.043355383 0.027706619 -0.077955857 0.080816127 -0.205396727 0.010986915 0.975274444
1341846103.450000 0.015133733 0.034226108 -0.081421360 0.082508937 -0.212621808 0.010525059 0.973587930
1341846103.480000 0.001266733 0.043233916 -0.087775469 0.079634190 -0.233544469 0.012240366 0.969002366
1341846103.510000 0.031859715 0.035828974 -0.060978748 0.074862286 -0.257956654 0.015205281 0.963131785
1341846103.550000 0.031655136 0.024141047 -0.070480026 0.074751556 -0.264051765 0.012697008 0.961523592
1341846103.580000 0.021229105 0.031508215 -0.085671820 0.077281848 -0.274379611 0.013072651 0.958421886
1341846103.610000 0.020304505 0.032142557 -0.077110171 0.075311847 -0.291449368 0.016150048 0.953480244
1341846103.650000 0.023660354 0.018251559 -0.068242125 0.075170174 -0.306105614 0.021926407 0.948771834
1341846103.710000 0.033744968 0.042055793 -0.092989616 0.075253457 -0.330576211 0.027603570 0.940369248
1341846103.750000 0.033360019 0.033488765 -0.069140390 0.070779257 -0.348086983 0.032211803 0.934231341
1341846103.810000 0.038890064 0.033474293 -0.087572753 0.071575880 -0.367328376 0.035435762 0.926655889
1341846103.850000 0.028538007 0.037454072 -0.089053452 0.067927137 -0.380738914 0.035741661 0.921491385
1341846103.880000 0.035082549 0.031434800 -0.081207648 0.063471384 -0.395956933 0.035470750 0.915385902
1341846103.920000 0.027860882 0.032386467 -0.072079033 0.062669620 -0.403089076 0.035754882 0.912312090
1341846103.950000 0.018029679 0.028507207 -0.087996319 0.060286205 -0.410991609 0.034209087 0.909000099
1341846103.980000 0.029010363 0.028060514 -0.088005543 0.056458976 -0.426104784 0.029280625 0.902435482
1341846104.020000 0.030734183 0.028525835 -0.078904688 0.056310523 -0.434090048 0.027712326 0.898680687
1341846104.050000 0.018128939 0.027432719 -0.084684446 0.057371177 -0.440273464 0.024778347 0.895686269
1341846104.080000 0.032634214 0.032106403 -0.092271574 0.056991648 -0.453526437 0.017136125 0.889253676
1341846104.120000 0.018734060 0.038451351 -0.097134411 0.056022178 -0.459647208 0.016404934 0.886181056
1341846104.150000 0.019205004 0.038939137 -0.108983286 0.055037167 -0.465589792 0.012081461 0.883204997
1341846104.190000 0.033057705 0.044359226 -0.118645057 0.051596537 -0.472505420 0.009247461 0.879767537
1341846104.220000 0.015764263 0.045614842 -0.117652066 0.048316713 -0.476637125 0.010164191 0.877712488
1341846104.250000 0.011380456 0.052973267 -0.116573542 0.050578076 -0.479917318 0.010640823 0.875789940
1341846104.290000 0.020306211 0.031640649 -0.137474209 0.045727368 -0.485672742 0.009460825 0.872892618
1341846104.320000 0.028968014 0.045640305 -0.112613708 0.045014549 -0.497974753 0.005262653 0.866006434
1341846105.050000 0.054373261 0.006463425 -0.093362689 0.051463090 -0.374895632 0.008946623 0.925594270
1341846105.090000 0.065102771 -0.000742599 -0.097503982 0.055706557 -0.361700922 0.007145595 0.930601001
1341846105.120000 0.105151743 0.021180689 -0.088197336 0.062764227 -0.350392938 0.016795479 0.934346497
1341846105.160000 0.073362142 0.010612870 -0.093342341 0.066201188 -0.326495022 0.018195471 0.942702115
1341846105.190000 0.082812883 0.018577581 -0.116175964 0.068594463 -0.311175197 0.014236340 0.947766900
1341846105.220000 0.075014703 0.019766770 -0.075502299 0.070319131 -0.295196623 0.023350649 0.952559114
1341846105.260000 0.062318705 0.019893616 -0.069224052 0.073238716 -0.283402056 0.031870112 0.955669224
1341846105.290000 0.066502050 0.025093189 -0.078565508 0.073329315 -0.275177509 0.039321367 0.957786024
1341846105.320000 0.076523103 0.026959477 -0.077282369 0.071267083 -0.271302402 0.042203542 0.958923817
1341846105.360000 0.070159122 0.022092693 -0.069408514 0.071317494 -0.261964679 0.044575334 0.961405933
1341846105.390000 0.091215998 0.023521613 -0.076754361 0.072633579 -0.256929189 0.047359213 0.962532520
1341846105.430000 0.092539608 0.022920804 -0.081573501 0.072540760 -0.245104969 0.045339741 0.965715110
1341846105.460000 0.086635441 0.020435590 -0.071957603 0.074452780 -0.232982591 0.046360895 0.968517721
1341846105.490000 0.102425784 0.019733215 -0.084698439 0.074907206 -0.223341480 0.045764256 0.970779657
1341846105.530000 0.090155885 0.016361257 -0.083630197 0.077435009 -0.205640137 0.043034319 0.974609673
1341846105.560000 0.089493766 0.025581460 -0.076109402 0.080704339 -0.194468796 0.047715541 0.976417899
1341846105.590000 0.111852050 0.026235100 -0.072769873 0.079649679 -0.187750190 0.048606627 0.977774620
1341846105.630000 0.104782954 0.020955941 -0.064182356 0.081867412 -0.173308402 0.050497200 0.980159163
1341846105.660000 0.111712463 0.028019851 -0.063122422 0.085383534 -0.163745999 0.052565567 0.981393754
1341846105.690000 0.116069339 0.023394167 -0.069253691 0.084843524 -0.150251418 0.053071469 0.983569801
1341846105.730000 0.106143199 0.017870154 -0.070343614 0.086959615 -0.138244823 0.054826334 0.985048473
1341846105.760000 0.117819108 0.026328828 -0.069059975 0.089965947 -0.131590486 0.053891130 0.985741258
1341846105.790000 0.140908062 0.027662685 -0.070666894 0.090004906 -0.121926337 0.051684175 0.987097681
1341846105.830000 0.118923679 0.018152181 -0.072854407 0.090032302 -0.104613401 0.051605944 0.989083946
1341846105.860000 0.130178154 0.021724354 -0.067686513 0.093085572 -0.098074041 0.053744711 0.989357412
1341846105.890000 0.147974640 0.021382710 -0.075749531 0.093970500 -0.085841194 0.054828390 0.990350783
1341846105.930000 0.139619932 0.017173322 -0.063898146 0.097066127 -0.070082881 0.055676468 0.991245031
1341846105.960000 0.122084394 0.029582653 -0.067987055 0.100320995 -0.056560341 0.057122398 0.991702437
1341846106.030000 0.123260163 0.028354423 -0.062350016 0.094319962 -0.038053766 0.041983500 0.993928075
1341846106.060000 0.108154878 0.029698547 -0.067388147 0.094365835 -0.032449096 0.039507531 0.994223952
1341846106.090000 0.113340460 0.025522804 -0.070268184 0.093490325 -0.031625677 0.035045803 0.994500458
1341846106.130000 0.123254120 0.026257079 -0.066451013 0.093771562 -0.025710009 0.030025015 0.994808733
1341846106.160000 0.117156230 0.027448272 -0.067122549 0.094366230 -0.017978307 0.028505184 0.994966984
1341846106.190000 0.117382415 0.028061975 -0.067636110 0.093985997 -0.015949506 0.029562268 0.995006680
1341846106.230000 0.125423148 0.029544940 -0.065039538 0.094062261 -0.013046700 0.030205907 0.995022476
1341846106.260000 0.127437517 0.033803467 -0.063161045 0.092742361 -0.004076337 0.031069940 0.995196939
1341846106.290000 0.114800684 0.030693676 -0.066280834 0.090777040 0.000760897 0.030272890 0.995410740
1341846106.330000 0.112896763 0.032195553 -0.067159213 0.088932753 0.000975313 0.024864737 0.995726764
1341846106.360000 0.106994383 0.033338226 -0.070203550 0.084821507 0.001837051 0.011745949 0.996325254
1341846106.400000 0.102176681 0.032994516 -0.070986114 0.078950793 0.001269691 -0.001677174 0.996876299
1341846106.430000 0.096190564 0.030800316 -0.069589965 0.074299969 -0.001639859 -0.013456912 0.997143805
1341846106.460000 0.102379359 0.034003019 -0.070594288 0.069711380 -0.008540692 -0.026542194 0.997177482
1341846106.500000 0.119551450 0.030054122 -0.061845623 0.065841787 -0.010416644 -0.034964584 0.997162938
1341846106.530000 0.112888321 0.021804184 -0.066339523 0.065871626 -0.007143063 -0.043169640 0.996868253
1341846106.560000 0.113199428 0.026363134 -0.072570652 0.066571921 -0.008741455 -0.056849983 0.996122420
1341846106.600000 0.117601715 0.026804127 -0.073447324 0.063636541 -0.007890718 -0.075907975 0.995050848
1341846106.630000 0.122320451 0.025054876 -0.072198510 0.060971361 -0.005278437 -0.095613249 0.993535459
1341846106.700000 0.121959731 0.024676410 -0.074567594 0.059383374 -0.004177293 -0.123860277 0.990512431
1341846106.730000 0.127005383 0.020822361 -0.076274842 0.058068115 -0.001851081 -0.139339760 0.988538921
1341846106.770000 0.122067511 0.022719730 -0.074894838 0.058096137 0.000883113 -0.152660638 0.986569226
1341846106.800000 0.116775207 0.026062671 -0.074295945 0.056656271 -0.000536258 -0.165565521 0.984569907
1341846106.830000 0.122028939 0.023469327 -0.080780983 0.052075829 -0.004378208 -0.180793241 0.982131779
1341846106.870000 0.126230553 0.020781545 -0.079332419 0.050437000 -0.003270176 -0.191382766 0.980213284
1341846106.900000 0.121263914 0.019504711 -0.080305524 0.050408781 -0.003393424 -0.198575020 0.978782654
1341846106.930000 0.126695603 0.019569740 -0.081870101 0.050952081 -0.004552702 -0.206595480 0.977088273
1341846106.970000 0.126701489 0.021228017 -0.084678575 0.049581449 -0.003875082 -0.217475235 0.974798024
1341846107.000000 0.122101389 0.020908827 -0.079577282 0.047165949 -0.002561216 -0.229979023 0.972048640
1341846107.030000 0.109799020 0.016773958 -0.080055200 0.045347847 -0.004094995 -0.244204119 0.968654335
1341846107.070000 0.123263851 0.024204146 -0.082241803 0.045750562 -0.006605112 -0.259104818 0.964742422
1341846107.100000 0.114922956 0.031609856 -0.074030995 0.043028969 -0.004621988 -0.270543665 0.961734533
1341846107.130000 0.111105137 0.026823169 -0.073191702 0.038065158 -0.009002611 -0.283489406 0.958177328
1341846107.170000 0.112090424 0.027857251 -0.075796559 0.036114395 -0.010370473 -0.297899663 0.953857481
1341846107.200000 0.108189970 0.034410372 -0.072061345 0.034220528 -0.009996767 -0.310274243 0.949978411
1341846107.230000 0.101039559 0.035868153 -0.069931120 0.030761762 -0.012388180 -0.320204437 0.946767867
1341846107.270000 0.098993801 0.034705784 -0.069843836 0.028420636 -0.016335681 -0.332285285 0.942609131
1341846107.300000 0.097709939 0.039108396 -0.068564400 0.028177451 -0.019155219 -0.342132062 0.939033985
1341846107.330000 0.097512543 0.042386718 -0.068953387 0.025832908 -0.023402892 -0.353432834 0.934810281
1341846107.370000 0.095501453 0.036843348 -0.073080830 0.023005662 -0.025180813 -0.366743207 0.929696798
1341846107.400000 0.095896870 0.041554362 -0.071858130 0.023804182 -0.024613176 -0.380011588 0.924347758
1341846107.430000 0.099657074 0.053332254 -0.065810636 0.022558240 -0.026136024 -0.391014397 0.919736803
1341846107.470000 0.100892618 0.055077888 -0.065362655 0.019039577 -0.027889308 -0.397347957 0.917046487
1341846107.500000 0.102171853 0.050032862 -0.068395242 0.015958868 -0.027945226 -0.403696358 0.914326847
1341846107.530000 0.096787065 0.056947283 -0.062500872 0.014345862 -0.025526213 -0.412279367 0.910586774
1341846107.600000 0.094011642 0.055266079 -0.062978134 0.007416401 -0.032423470 -0.427413970 0.903443992
1341846107.640000 0.092927195 0.056315083 -0.064083412 0.007046841 -0.031499095 -0.437593460 0.898593426
1341846107.670000 0.097852483 0.063109539 -0.064465731 0.005693305 -0.032009006 -0.449454606 0.892711341
1341846107.700000 0.092956766 0.067537263 -0.059759088 0.002446600 -0.031240111 -0.457952738 0.888424098
1341846107.740000 0.095644772 0.070713818 -0.061145436 0.000644135 -0.033929557 -0.461337447 0.886575520
1341846107.770000 0.095547274 0.067326680 -0.067115098 -0.003204342 -0.034053002 -0.469899833 0.882056832
1341846107.810000 0.094930701 0.072135732 -0.064322822 -0.004172612 -0.033022840 -0.479096949 0.877130687
1341846107.840000 0.102379754 0.075380728 -0.071749248 -0.007413457 -0.033333581 -0.488752484 0.871753931
1341846107.870000 0.099280797 0.075355977 -0.078713462 -0.013900129 -0.027811002 -0.502357543 0.864100814
1341846107.910000 0.087971851 0.070017174 -0.074105658 -0.018034805 -0.021495419 -0.516919971 0.855573773
1341846107.940000 0.107949130 0.073631302 -0.081650674 -0.017356351 -0.018624512 -0.530732512 0.847156942
1341846107.970000 0.103127219 0.087928839 -0.072825037 -0.025161061 -0.008283563 -0.543513358 0.838982463
1341846108.010000 0.106838658 0.090487950 -0.071506798 -0.031075947 -0.007067608 -0.552100360 0.833168387
1341846108.070000 0.100834362 0.095968910 -0.066297561 -0.047250230 0.004681878 -0.572225332 0.818720758
1341846108.110000 0.103217468 0.097268909 -0.068780348 -0.048452787 0.006119342 -0.577103853 0.815209210
1341846108.140000 0.105436735 0.100757681 -0.062906012 -0.049729716 0.007559374 -0.578138828 0.814386427
1341846108.170000 0.103299730 0.096779570 -0.065507621 -0.051804531 0.007158378 -0.581856489 0.811608315
1341846108.210000 0.110495433 0.096130267 -0.076893151 -0.052468166 0.010589018 -0.587789118 0.807241559
1341846108.240000 0.110320628 0.102725178 -0.065785468 -0.054061119 0.014818615 -0.592106462 0.803907812
1341846108.270000 0.115264677 0.099580541 -0.079946108 -0.058905680 0.015161123 -0.598576963 0.798752666
1341846108.310000 0.111116312 0.096673526 -0.079745159 -0.066251539 0.023202438 -0.607848525 0.790944099
1341846108.340000 0.114549324 0.104870953 -0.066475607 -0.067049883 0.026808718 -0.612844467 0.786897242
1341846108.370000 0.119507216 0.100907728 -0.076136619 -0.070697695 0.027169585 -0.614650667 0.785154939
1341846108.410000 0.115312748 0.103579707 -0.069987461 -0.076062888 0.032766677 -0.618226588 0.781624436
1341846108.440000 0.112596825 0.101392731 -0.065191165 -0.077626556 0.033711806 -0.618801296 0.780975461
1341846108.470000 0.113469511 0.097902358 -0.066969052 -0.075958267 0.035252169 -0.617314458 0.782247126
1341846108.510000 0.117787734 0.100959159 -0.067768753 -0.073026702 0.037647903 -0.614817262 0.784378409
1341846108.540000 0.117403559 0.096354119 -0.071554154 -0.074852623 0.039325535 -0.616252422 0.782996595
1341846108.570000 0.116412207 0.086815268 -0.081144460 -0.075993232 0.044223532 -0.622259974 0.777857184
1341846108.610000 0.115876652 0.097914390 -0.067239195 -0.071626008 0.056516036 -0.620971262 0.778505206
1341846108.640000 0.120532528 0.101863571 -0.058457896 -0.067786165 0.055712044 -0.614208579 0.784250617
1341846108.670000 0.121987417 0.084941246 -0.076655641 -0.069030702 0.055038549 -0.611808658 0.786063433
1341846108.710000 0.110286780 0.092028573 -0.071244225 -0.062948704 0.068830192 -0.610088348 0.786824107
1341846108.740000 0.120977685 0.093419537 -0.068874724 -0.057631079 0.071327411 -0.607018650 0.789379120
1341846108.770000 0.114430636 0.088629790 -0.071872763 -0.056352314 0.077963464 -0.608015120 0.788075984
1341846108.810000 0.118281826 0.088106923 -0.068517447 -0.049860008 0.084251501 -0.607978344 0.787894666
1341846108.840000 0.126483798 0.090843491 -0.063529305 -0.046002313 0.086157486 -0.605246484 0.790023685
1341846108.880000 0.125185117 0.087655462 -0.059634469 -0.045069020 0.086514011 -0.603722394 0.791203737
1341846108.910000 0.122329824 0.082399465 -0.067115858 -0.040972654 0.088919565 -0.601493061 0.792855978
1341846108.940000 0.134934917 0.088075355 -0.061857328 -0.036517698 0.089663260 -0.595057428 0.797830582
1341846108.980000 0.132735848 0.083413810 -0.062862493 -0.039071199 0.088114724 -0.592878103 0.799502850
1341846109.010000 0.127275735 0.077854529 -0.069581173 -0.037696064 0.091595054 -0.592422545 0.799515426
1341846109.050000 0.136666030 0.081462815 -0.062766656 -0.033672020 0.093427159 -0.586520255 0.803823113
1341846109.080000 0.138532683 0.079951756 -0.065961257 -0.034159709 0.093500949 -0.585151255 0.804791093
1341846109.110000 0.130679309 0.074956216 -0.064043581 -0.034802984 0.096545443 -0.586167514 0.803663731
1341846109.150000 0.130892947 0.075623639 -0.056298885 -0.029053075 0.097789407 -0.581920624 0.806821942
1341846109.180000 0.134684533 0.076421216 -0.051950846 -0.023246918 0.095279321 -0.575110197 0.812175930
1341846109.210000 0.129267767 0.072771475 -0.050322719 -0.019761100 0.093620151 -0.573039949 0.813922584
1341846109.250000 0.124087743 0.071645580 -0.044066492 -0.009584280 0.092131384 -0.566696703 0.818703115
1341846109.280000 0.131778672 0.074008510 -0.037196659 0.004163479 0.083922289 -0.551731169 0.829778552
1341846109.310000 0.118732311 0.067474648 -0.041670002 0.012604074 0.077995807 -0.542828321 0.836119175
1341846109.350000 0.124499775 0.067591473 -0.047933996 0.022982940 0.073581778 -0.530981421 0.843869805
1341846109.380000 0.124928072 0.067834437 -0.040743582 0.029519608 0.067861333 -0.519259393 0.851406574
1341846109.410000 0.122912243 0.066808611 -0.044256926 0.035175808 0.060792640 -0.505446732 0.859994531
1341846109.450000 0.127725378 0.065281928 -0.061316069 0.038328122 0.057813521 -0.495138943 0.866040409
1341846109.490000 0.127735928 0.065333009 -0.060562745 0.037555978 0.058855813 -0.487027675 0.870591521
1341846109.550000 0.121308476 0.060733147 -0.053048681 0.040509574 0.053924840 -0.468285650 0.880999207
1341846109.580000 0.119710855 0.058812745 -0.053648829 0.043946024 0.051516127 -0.455099165 0.887862444
1341846109.610000 0.116361439 0.060184240 -0.046254858 0.050613765 0.043834358 -0.436274618 0.897318959
1341846109.650000 0.112767428 0.056411918 -0.050208114 0.055938840 0.033522446 -0.414748967 0.907595992
1341846109.680000 0.113204524 0.051374488 -0.058055654 0.061810009 0.026637847 -0.394880176 0.916263938
1341846109.710000 0.113406450 0.053443193 -0.063803926 0.065121666 0.022597974 -0.378726512 0.922938108
1341846109.750000 0.111574590 0.051859979 -0.065546110 0.066252396 0.020403359 -0.366357952 0.927888095
1341846109.780000 0.112991691 0.049793974 -0.070753738 0.067415580 0.018445311 -0.353654921 0.932761073
1341846109.810000 0.111625016 0.047587767 -0.071939819 0.068513773 0.018361565 -0.344602793 0.936064959
1341846109.850000 0.109132029 0.047483593 -0.065239921 0.070394441 0.016320076 -0.334876657 0.939487040
1341846109.910000 0.109480880 0.042223722 -0.076837048 0.075468197 0.010644846 -0.321395099 0.943873107
1341846109.950000 0.111392759 0.041633926 -0.080558598 0.075596809 0.009487484 -0.320037454 0.944336355
1341846109.980000 0.104454495 0.035982493 -0.078455128 0.075686626 0.009940839 -0.321104228 0.943962336
1341846110.020000 0.105407782 0.039291285 -0.077425979 0.078873523 0.008489382 -0.318388134 0.944635332
1341846110.050000 0.102563523 0.034100089 -0.078980431 0.081003644 0.008007986 -0.314404845 0.945792735
1341846110.120000 0.104082555 0.039351840 -0.075492620 0.088600755 0.004827914 -0.300231636 0.949730277
1341846110.150000 0.104303688 0.035151280 -0.078781560 0.088932700 0.003161906 -0.293093741 0.951933324
1341846110.180000 0.105545931 0.035653584 -0.078433968 0.091278024 0.002345344 -0.283565462 0.954595983
1341846110.220000 0.107154511 0.036722079 -0.079114333 0.091474444 0.000233894 -0.276275992 0.956715226
1341846110.250000 0.104687802 0.035793368 -0.077755958 0.090491757 -0.001945359 -0.268058628 0.959141314
1341846110.290000 0.106265806 0.031791802 -0.078132182 0.092575848 -0.005234742 -0.255776286 0.962278962
1341846110.360000 0.109497175 0.040314183 -0.085586756 0.094051562 -0.007859651 -0.234976053 0.967408299
1341846110.420000 0.107295215 0.034204416 -0.086886294 0.092903316 -0.008854134 -0.224309459 0.970039129
1341846110.450000 0.104555391 0.034757841 -0.090344347 0.093845211 -0.010632424 -0.218523711 0.971250474
1341846110.490000 0.109221935 0.033563137 -0.093223833 0.094255164 -0.013092140 -0.215043515 0.971957266
1341846110.520000 0.109053873 0.034240674 -0.094909526 0.094183072 -0.013239304 -0.213830620 0.972229779
1341846110.550000 0.104901783 0.035081528 -0.092899427 0.093973838 -0.014382661 -0.210659176 0.972925901
1341846110.590000 0.105145782 0.034349285 -0.096759260 0.093766354 -0.017658997 -0.207441598 0.973583102
1341846110.620000 0.107474461 0.036908295 -0.098899215 0.092879847 -0.019312497 -0.203016132 0.974569082
1341846110.650000 0.104191609 0.036038145 -0.093825564 0.091499738 -0.020546345 -0.195469797 0.976215780
1341846110.690000 0.104130805 0.034470920 -0.095566884 0.092458591 -0.024351999 -0.184784144 0.978117228
1341846110.720000 0.117639251 0.038743362 -0.097678766 0.093564957 -0.025915636 -0.173940212 0.979958594
1341846110.750000 0.114036418 0.036621645 -0.095849022 0.091901727 -0.023077091 -0.161938548 0.982241035
1341846110.790000 0.112137295 0.033974689 -0.093595006 0.092634827 -0.022534227 -0.149575949 0.984143317
1341846110.820000 0.114213146 0.037588023 -0.094670027 0.093767695 -0.023215763 -0.137318581 0.985805392
1341846110.850000 0.117389984 0.034262642 -0.095065236 0.092885785 -0.022752948 -0.126275524 0.987374842
1341846110.890000 0.114479080 0.030078741 -0.094195694 0.093641087 -0.021077748 -0.117309652 0.988445997
1341846110.920000 0.114330046 0.033173442 -0.094282508 0.094936028 -0.021762678 -0.109197855 0.989236772
1341846110.950000 0.118681602 0.030069871 -0.097458616 0.094066128 -0.021959461 -0.103207305 0.989958405
1341846110.990000 0.119285628 0.026779931 -0.097385705 0.094157562 -0.019755311 -0.099614568 0.990364134
1341846111.020000 0.116058916 0.032957621 -0.097488791 0.093302123 -0.018783063 -0.096919239 0.990731359
1341846111.050000 0.115982056 0.029374797 -0.096603088 0.089371629 -0.020064512 -0.094876185 0.991266191
1341846111.090000 0.114964589 0.028004849 -0.094238222 0.088065393 -0.021288853 -0.090158530 0.991797745
1341846111.120000 0.111510530 0.029890127 -0.091500312 0.087044880 -0.023882221 -0.082134522 0.992525458
1341846111.150000 0.112805583 0.020914245 -0.094635859 0.086198404 -0.027717045 -0.075121231 0.993055105
1341846111.190000 0.116271958 0.027301844 -0.094927080 0.087457880 -0.030788070 -0.068124399 0.993359089
1341846111.220000 0.117434032 0.028345020 -0.096721575 0.084118538 -0.032306246 -0.060804646 0.994074047
1341846111.260000 0.116471030 0.022957873 -0.098680347 0.080307513 -0.033122223 -0.057548072 0.994556129
1341846111.290000 0.116593100 0.021048814 -0.097293280 0.078063354 -0.033788837 -0.054958344 0.994858801
1341846111.320000 0.118141279 0.015933979 -0.096628323 0.078253001 -0.034428626 -0.051631756 0.995000184
1341846111.360000 0.115439028 0.022927485 -0.095685787 0.079746664 -0.035147693 -0.046018820 0.995131850
1341846111.390000 0.117669940 0.019297555 -0.095536046 0.077868231 -0.037695922 -0.041419946 0.995389342
1341846111.420000 0.122525848 0.020082813 -0.094999403 0.079311341 -0.037870854 -0.037790056 0.995413244
1341846111.460000 0.118674360 0.025305390 -0.092803128 0.079507679 -0.037065316 -0.030820563 0.995667994
1341846111.490000 0.114695117 0.021930570 -0.093428425 0.078367040 -0.039383966 -0.022450199 0.995893359
1341846111.530000 0.124148488 0.023098715 -0.091929652 0.080347359 -0.042400911 -0.012565553 0.995785415
1341846111.560000 0.121640421 0.028750248 -0.092772491 0.081190616 -0.042148706 -0.001951848 0.995805144
1341846111.590000 0.120761596 0.029875429 -0.092388660 0.079037331 -0.044359431 0.008661360 0.995846570
1341846111.630000 0.125964612 0.028558068 -0.092027061 0.077687301 -0.045681279 0.021283438 0.995703280
1341846111.660000 0.127440378 0.026025288 -0.091293767 0.077162802 -0.044732790 0.034656972 0.995411396
1341846111.690000 0.127222553 0.028870270 -0.091089889 0.077347718 -0.044349063 0.045676216 0.994969487
1341846111.730000 0.126888156 0.029839940 -0.092252426 0.075830914 -0.044509884 0.058014672 0.994435966
1341846111.760000 0.132835209 0.025468580 -0.088138938 0.075114384 -0.044055033 0.070467338 0.993705869
1341846111.790000 0.128827468 0.024700640 -0.089823507 0.075400069 -0.042858522 0.081541084 0.992889285
1341846111.830000 0.126592204 0.023647886 -0.090484060 0.074828744 -0.044579033 0.093148522 0.991835058
1341846111.860000 0.134343386 0.017836859 -0.086777464 0.075004444 -0.046716005 0.102456696 0.990805030
1341846111.890000 0.131087631 0.017848013 -0.090127289 0.076892309 -0.045729037 0.108280540 0.990086734
1341846111.930000 0.121894158 0.017276058 -0.094124943 0.076022796 -0.047750641 0.115043432 0.989295423
1341846111.960000 0.130506486 0.010694331 -0.090814620 0.076936305 -0.053338170 0.121879525 0.988120079
1341846111.990000 0.130927861 0.013514729 -0.091860875 0.079390578 -0.054554515 0.128374651 0.987036407
1341846112.030000 0.130787954 0.012625787 -0.090987474 0.079220071 -0.056203600 0.136921749 0.985808194
1341846112.060000 0.134174645 0.008080253 -0.090916559 0.079900697 -0.058050986 0.147928178 0.984054506
1341846112.090000 0.136064336 0.009645917 -0.090068713 0.081867404 -0.059079055 0.160188302 0.981909931
1341846112.130000 0.138708279 0.005721023 -0.090232201 0.083239339 -0.060510755 0.173998967 0.979353905
1341846112.160000 0.141730100 0.002405925 -0.090048850 0.085983932 -0.062725864 0.187562376 0.976469457
1341846112.190000 0.143391773 -0.001125133 -0.093385935 0.089976758 -0.065025710 0.202047557 0.973063529
1341846112.230000 0.145869896 -0.002534688 -0.091106363 0.093440138 -0.067231588 0.212730065 0.970306575
1341846112.260000 0.146239340 0.000711618 -0.089976221 0.095620088 -0.066563651 0.219425872 0.968647718
1341846112.290000 0.147385716 -0.006192761 -0.092721678 0.095664017 -0.066654205 0.229830518 0.966221273
1341846112.330000 0.157458395 -0.010458423 -0.087214179 0.100922421 -0.069245599 0.242808864 0.962321937
1341846112.360000 0.154178172 -0.011047496 -0.089178994 0.105617441 -0.068467796 0.251559794 0.959622264
1341846112.390000 0.154098436 -0.009863518 -0.087510690 0.107659355 -0.067693785 0.256139815 0.958237648
1341846112.430000 0.153215721 -0.013091089 -0.090861112 0.109156027 -0.066256113 0.261659294 0.956676304
1341846112.460000 0.154495418 -0.016753254 -0.092683822 0.111151084 -0.066812515 0.269377708 0.954262614
1341846112.500000 0.153107196 -0.015751602 -0.093479678 0.113170087 -0.066861816 0.274630874 0.952522933
1341846112.530000 0.145549282 -0.017684529 -0.101791888 0.112969257 -0.066081502 0.277838439 0.951670587
1341846112.560000 0.144774765 -0.016770037 -0.102383703 0.111606121 -0.068746440 0.283851147 0.949866593
1341846112.600000 0.151656613 -0.022179417 -0.100015238 0.111106165 -0.072403662 0.295070887 0.946227431
1341846112.630000 0.147133932 -0.020983668 -0.102656379 0.111694656 -0.073624589 0.302369863 0.943756402
1341846112.660000 0.144431964 -0.018231213 -0.102682516 0.109274864 -0.073911168 0.309965253 0.941550672
1341846112.700000 0.146946967 -0.019815030 -0.100544669 0.106021687 -0.074023359 0.319069624 0.938868761
1341846112.730000 0.149911910 -0.022114946 -0.099860474 0.105342269 -0.074943058 0.330662638 0.934852302
1341846112.770000 0.151978403 -0.016829859 -0.092317402 0.105976239 -0.073111065 0.339813560 0.931638658
1341846112.800000 0.155953959 -0.014985071 -0.090949595 0.107095502 -0.066104129 0.351323605 0.927756727
1341846112.830000 0.152670518 -0.020304047 -0.095502689 0.107758701 -0.059507698 0.362044960 0.923996985
1341846112.870000 0.150010318 -0.019031582 -0.102425888 0.106559359 -0.058233172 0.370954424 0.920677364
1341846112.900000 0.156282440 -0.017355299 -0.093956321 0.105232216 -0.058347147 0.379298329 0.917417347
1341846112.940000 0.156107917 -0.020125227 -0.095518574 0.105930924 -0.055009626 0.387249321 0.914215803
1341846113.000000 0.160221055 -0.023073951 -0.099632554 0.103551812 -0.056087181 0.404518843 0.906915545
1341846113.030000 0.160088897 -0.019950511 -0.093394570 0.104805149 -0.053978845 0.410197854 0.904345036
1341846113.070000 0.161220893 -0.018761680 -0.095925495 0.104393907 -0.050107706 0.418469638 0.900818706
1341846113.140000 0.166900903 -0.019184083 -0.096245028 0.104694523 -0.047505993 0.436573714 0.892292321
1341846113.200000 0.168664277 -0.017297778 -0.100346602 0.104383491 -0.040012904 0.457057923 0.882383764
1341846113.230000 0.172154099 -0.017293544 -0.099081106 0.104107313 -0.039351754 0.465726167 0.877902210
1341846113.270000 0.172849506 -0.015678927 -0.094072416 0.104995273 -0.035964284 0.473109126 0.873985350
1341846113.300000 0.175077558 -0.015223568 -0.096644439 0.105750270 -0.031827208 0.484954536 0.867538512
1341846113.330000 0.173709393 -0.015193608 -0.103762597 0.105501138 -0.029302830 0.495511860 0.861672163
1341846113.370000 0.174806744 -0.014446897 -0.100773111 0.104759887 -0.028821405 0.506525815 0.855351567
1341846113.400000 0.175202057 -0.014562044 -0.094892621 0.105885580 -0.026275277 0.516976714 0.849018812
1341846113.430000 0.175180316 -0.015798122 -0.102203757 0.105645880 -0.025045918 0.526756942 0.843053281
1341846113.470000 0.177685261 -0.015903942 -0.099220872 0.104996592 -0.026202461 0.535866499 0.837338805
1341846113.500000 0.180249646 -0.016368326 -0.092806354 0.106262244 -0.024833901 0.543142915 0.832518697
1341846113.530000 0.180808306 -0.017467637 -0.104447335 0.105883159 -0.024943566 0.550572515 0.827669322
1341846113.570000 0.186084181 -0.018915974 -0.102480754 0.104824483 -0.027804621 0.560340047 0.821132064
1341846113.600000 0.185146898 -0.018703181 -0.097945765 0.105928160 -0.028190194 0.564819396 0.817901969
1341846113.630000 0.180767357 -0.019926976 -0.106336303 0.104817443 -0.026137613 0.570910335 0.813874424
1341846113.670000 0.186518446 -0.020478269 -0.104115091 0.102450356 -0.027012208 0.582128286 0.806164324
1341846113.700000 0.193144724 -0.020269271 -0.095832087 0.103205167 -0.028022209 0.593612075 0.797614038
1341846113.740000 0.190310940 -0.021817530 -0.105745070 0.104374051 -0.027705815 0.600394011 0.792379618
1341846113.770000 0.184450671 -0.022604825 -0.117155187 0.101575337 -0.028999550 0.606763005 0.787832499
1341846113.800000 0.191282690 -0.019496188 -0.101149671 0.100075878 -0.031327084 0.613335252 0.782830298
1341846113.840000 0.189902037 -0.020534895 -0.105645597 0.099710956 -0.029924713 0.617928863 0.779311299
1341846113.870000 0.195174456 -0.020167131 -0.106336281 0.098102070 -0.031608060 0.625973225 0.773003459
1341846113.900000 0.194875166 -0.020287655 -0.101288967 0.098681673 -0.031676322 0.632139921 0.767891705
1341846113.940000 0.190450475 -0.021870304 -0.107302457 0.098433748 -0.028364664 0.639120042 0.762254417
1341846113.970000 0.189884976 -0.021079367 -0.117249481 0.095455632 -0.028765837 0.647069097 0.755885124
1341846114.010000 0.191782847 -0.019473307 -0.106241651 0.093559794 -0.029681033 0.652811766 0.751134098
1341846114.040000 0.188491777 -0.019090086 -0.104722060 0.092430405 -0.026433764 0.660741031 0.744432092
1341846114.110000 0.199954793 -0.016243681 -0.106865413 0.090151913 -0.029756898 0.676967680 0.729864299
1341846114.140000 0.190504909 -0.016555723 -0.102917351 0.091038190 -0.028936235 0.678468704 0.728392005
1341846114.170000 0.191923022 -0.016626980 -0.105578087 0.089326426 -0.027002510 0.682307899 0.725084543
1341846114.210000 0.196034312 -0.016089618 -0.110417634 0.087414153 -0.028854663 0.684963703 0.722738445
1341846114.240000 0.198888853 -0.015761489 -0.104168758 0.086817652 -0.031112559 0.685963929 0.721767426
1341846114.270000 0.196996212 -0.015945297 -0.105249561 0.087877944 -0.031783480 0.687654853 0.719998658
1341846114.310000 0.195459381 -0.017158851 -0.111383468 0.087452099 -0.033208665 0.691819012 0.715985894
1341846114.340000 0.193831652 -0.015694570 -0.104348630 0.088050082 -0.033989660 0.692677081 0.715045691
1341846114.370000 0.194058672 -0.016676981 -0.107122168 0.088015415 -0.033844389 0.694099247 0.713676453
1341846114.410000 0.196924165 -0.016318910 -0.110075198 0.087469615 -0.036235116 0.698579907 0.709240556
1341846114.440000 0.197490856 -0.015555277 -0.104152203 0.088315673 -0.039051093 0.699874163 0.707708657
1341846114.470000 0.191399336 -0.018087488 -0.109453470 0.088936858 -0.038954452 0.699634254 0.707873285
1341846114.510000 0.195470437 -0.017936680 -0.111412391 0.087101825 -0.040993482 0.704253793 0.703391314
1341846114.540000 0.197219491 -0.015295641 -0.100777179 0.088443942 -0.043879218 0.705836892 0.701460361
1341846114.570000 0.184272036 -0.016504619 -0.105838969 0.090019129 -0.041872542 0.700720191 0.706494451
1341846114.610000 0.182219282 -0.019140258 -0.118714407 0.086301602 -0.040818948 0.699548185 0.708179414
1341846114.640000 0.191995129 -0.014759166 -0.103644080 0.084385686 -0.044725552 0.701068938 0.706668973
1341846114.670000 0.186709389 -0.012939081 -0.097560927 0.087453485 -0.043368608 0.700070262 0.707370222
1341846114.710000 0.177269116 -0.015123999 -0.115431644 0.085939027 -0.041394882 0.696358919 0.711326420
1341846114.740000 0.179910257 -0.012402978 -0.108782463 0.083186686 -0.043417759 0.692745864 0.715051115
1341846114.770000 0.182238936 -0.010139049 -0.096352950 0.083356231 -0.043976866 0.687887192 0.719672859
1341846114.810000 0.177881941 -0.010304851 -0.097381137 0.084231824 -0.042585175 0.678018332 0.728960037
1341846114.840000 0.178019315 -0.008170022 -0.101681747 0.083165057 -0.043420609 0.664764225 0.741138816
1341846114.870000 0.180013016 -0.008898312 -0.089592546 0.083410293 -0.044056714 0.653372824 0.751136184
1341846114.910000 0.184605330 -0.008670587 -0.083898403 0.087467976 -0.043066368 0.642847538 0.759764254
1341846114.940000 0.188798681 -0.009207834 -0.082002409 0.094173387 -0.041637164 0.636653304 0.764244914
1341846114.980000 0.180102155 -0.008723283 -0.093495399 0.100213282 -0.039628774 0.630304158 0.768832505
1341846115.010000 0.167249650 -0.008752389 -0.098218516 0.102441959 -0.035681415 0.620868146 0.776373148
1341846115.040000 0.163631827 -0.007379588 -0.105325170 0.101203762 -0.033220068 0.611270607 0.784220934
1341846115.080000 0.168567240 -0.006786929 -0.107242718 0.100101992 -0.035256006 0.605477214 0.788754642
1341846115.110000 0.165335581 -0.004604824 -0.099866912 0.100999080 -0.036642998 0.596240938 0.795583546
1341846115.180000 0.148929700 -0.004824828 -0.118051469 0.095577143 -0.034348018 0.571826458 0.814063728
1341846115.210000 0.142942563 -0.003696932 -0.121587329 0.089751780 -0.037040301 0.560442567 0.822482049
1341846115.250000 0.133690208 -0.000420578 -0.117244042 0.083799653 -0.035494655 0.550115526 0.830114841
1341846115.280000 0.132133424 0.002286864 -0.116642155 0.077736042 -0.033009067 0.542996168 0.835477471
1341846115.310000 0.135359243 0.005445162 -0.119326845 0.070347257 -0.034406684 0.533258975 0.842319548
1341846115.350000 0.135325298 0.011574404 -0.108274147 0.065186337 -0.035115000 0.520814836 0.850452542
1341846115.380000 0.134066343 0.015132316 -0.103547931 0.062228195 -0.033737898 0.505586267 0.859867394
1341846115.410000 0.126130015 0.015497673 -0.112128325 0.056467932 -0.031859849 0.486770302 0.871120512
1341846115.450000 0.124771990 0.022536516 -0.107758045 0.049801573 -0.032073304 0.466621101 0.882471502
1341846115.480000 0.130624101 0.022603285 -0.096526720 0.048418161 -0.031267945 0.455779254 0.888224781
1341846115.510000 0.127272546 0.023811644 -0.105139345 0.050930250 -0.029826399 0.445028067 0.893569529
1341846115.550000 0.117641605 0.027812526 -0.116095118 0.049884919 -0.030058388 0.432720840 0.899644732
1341846115.580000 0.115949772 0.033908330 -0.107332140 0.047471181 -0.030848110 0.420063138 0.905727267
1341846115.610000 0.115263559 0.035829116 -0.106726699 0.046223465 -0.029770441 0.408170342 0.911248684
1341846115.650000 0.111985274 0.034862798 -0.113748237 0.044525072 -0.031025251 0.393914610 0.917543590
1341846115.680000 0.106732950 0.040850677 -0.109768964 0.041393947 -0.032386668 0.377004474 0.924719036
1341846115.710000 0.105425261 0.044199593 -0.102301411 0.038669188 -0.030129192 0.360862434 0.931329846
1341846115.750000 0.102446765 0.042419914 -0.109651595 0.036191754 -0.026788671 0.347204834 0.936707735
1341846115.780000 0.101864755 0.042892437 -0.113055937 0.033625152 -0.027260387 0.337900728 0.940185785
1341846115.810000 0.100419506 0.048121825 -0.103211984 0.031698447 -0.025073061 0.326237768 0.944423318
1341846115.850000 0.104494192 0.047674984 -0.103757091 0.030520732 -0.020659931 0.314295173 0.948609650
1341846115.880000 0.095882475 0.045723882 -0.115981460 0.027937947 -0.016755886 0.305347085 0.951683700
1341846115.910000 0.095214330 0.047950864 -0.116189770 0.023902001 -0.016673965 0.298538268 0.953952610
1341846115.950000 0.103514060 0.051764660 -0.101353183 0.022650940 -0.015318600 0.289668083 0.956736505
1341846115.980000 0.102047823 0.049841445 -0.109082170 0.021896005 -0.010440453 0.281681955 0.959201157
1341846116.010000 0.100498974 0.045817640 -0.114474043 0.020264750 -0.009508162 0.279028893 0.960021794
1341846116.050000 0.104280822 0.047895763 -0.107774645 0.021000698 -0.011079692 0.274151117 0.961393476
1341846116.080000 0.103333123 0.049762212 -0.103497043 0.022906877 -0.008466307 0.264291465 0.964133620
1341846116.110000 0.095245786 0.047227927 -0.113441117 0.021057198 -0.004813529 0.256419897 0.966324091
1341846116.150000 0.101515308 0.042661380 -0.109964579 0.019628553 -0.007902239 0.252590537 0.967341840
1341846116.180000 0.103432551 0.045063090 -0.103246056 0.023011021 -0.008125232 0.242325455 0.969888091
1341846116.220000 0.095555022 0.048167773 -0.109269336 0.023258146 -0.004185054 0.231725454 0.972494125
1341846116.250000 0.102464020 0.044237003 -0.104737617 0.021250790 -0.005071105 0.227442056 0.973546505
1341846116.280000 0.106843270 0.042195208 -0.100839838 0.023354905 -0.004721569 0.222708523 0.974593878
1341846116.320000 0.099102795 0.046188638 -0.108935997 0.025230816 -0.001943731 0.217081338 0.975825489
1341846116.380000 0.102831163 0.047987871 -0.105129071 0.024067080 -0.000575592 0.210323974 0.977335274
1341846116.420000 0.101123586 0.047739692 -0.109333552 0.023642953 0.001194880 0.205522269 0.978366077
1341846116.450000 0.100127697 0.050557852 -0.108601801 0.022879869 0.001507457 0.197960451 0.979941785
1341846116.490000 0.102294326 0.052717865 -0.106534161 0.022497164 0.002946820 0.187317446 0.982037365
1341846116.520000 0.097485162 0.050119687 -0.112238534 0.020438250 0.004727714 0.178232402 0.983764768
1341846116.550000 0.097793780 0.049739949 -0.112398192 0.018583136 0.003369963 0.168462560 0.985527098
1341846116.590000 0.100917347 0.054681517 -0.108093254 0.017608458 0.002882614 0.157182202 0.987408400
1341846116.620000 0.102341704 0.053742163 -0.108806327 0.015009980 0.004907439 0.150825217 0.988434315
1341846116.650000 0.100969739 0.050419029 -0.110297784 0.013266061 0.004934569 0.150213137 0.988552332
1341846116.690000 0.106141128 0.054148234 -0.104358688 0.014017309 0.003380868 0.148992673 0.988733172
1341846116.720000 0.103648759 0.058039606 -0.105767779 0.015641415 0.006671643 0.145527542 0.989208043
1341846116.750000 0.096899539 0.055537961 -0.111826055 0.013836603 0.008858231 0.143694207 0.989485741
1341846116.790000 0.100671813 0.051473066 -0.107141420 0.013615190 0.005680906 0.141449749 0.989835501
1341846116.820000 0.097940058 0.057922870 -0.106843933 0.016767947 0.005987148 0.131216258 0.991193831
1341846116.850000 0.090391055 0.057764027 -0.111522242 0.014959609 0.007910661 0.123461664 0.992205024
1341846116.890000 0.096214756 0.053637590 -0.106023990 0.013965351 0.004281736 0.117512502 0.992963970
1341846116.920000 0.094092928 0.056439459 -0.104782134 0.016231002 0.004024762 0.108907722 0.993911207
1341846116.950000 0.090921499 0.056836478 -0.106417552 0.016687658 0.004227117 0.101205394 0.994716585
1341846116.990000 0.088723801 0.055056602 -0.106316172 0.016718643 0.002901941 0.094898351 0.995342374
1341846117.020000 0.088865764 0.054567538 -0.105058663 0.017390620 0.000846000 0.087978795 0.995970190
1341846117.050000 0.086186446 0.055004891 -0.105066687 0.018177832 -0.000319797 0.080170088 0.996615410
1341846117.090000 0.084116764 0.055132329 -0.105712928 0.017800068 -0.001833482 0.072961614 0.997174203
1341846117.120000 0.083807424 0.052449465 -0.104611285 0.018037343 -0.003933060 0.067428261 0.997553289
1341846117.150000 0.084982432 0.052684851 -0.103419319 0.019201018 -0.005940357 0.063071527 0.997806609
1341846117.190000 0.083742775 0.051289674 -0.103161991 0.020356519 -0.007107931 0.059471518 0.997997105
1341846117.220000 0.084634259 0.054955393 -0.102677248 0.021528838 -0.007831613 0.053939454 0.998281360
1341846117.250000 0.084960364 0.053342231 -0.103870794 0.021105280 -0.006581949 0.049544636 0.998527229
1341846117.290000 0.077145211 0.049934156 -0.107824199 0.020448307 -0.006989187 0.048661809 0.998581529
1341846117.320000 0.083068967 0.052196540 -0.103664808 0.021545878 -0.010553656 0.046066418 0.998650253
1341846117.350000 0.091741048 0.052775703 -0.101313822 0.023041697 -0.009292302 0.041590594 0.998825788
1341846117.390000 0.079885103 0.053353388 -0.107296303 0.022602746 -0.005870520 0.039138164 0.998960912
1341846117.420000 0.080296129 0.049816076 -0.104863122 0.021658489 -0.009194377 0.038054895 0.998998582
1341846117.460000 0.088599518 0.051412463 -0.101118214 0.023748426 -0.010726119 0.034851596 0.999052703
1341846117.490000 0.082072146 0.054806352 -0.104114346 0.023785327 -0.008533652 0.031237511 0.999192476
1341846117.520000 0.077664874 0.050852254 -0.103432924 0.021656157 -0.010467825 0.030075373 0.999258161
1341846117.560000 0.085339442 0.048939761 -0.099173464 0.023116115 -0.014203435 0.028539393 0.999224424
1341846117.590000 0.083756998 0.052220359 -0.100859255 0.024179604 -0.014429015 0.027042566 0.999237657
1341846117.620000 0.081924587 0.047748473 -0.100587845 0.024082733 -0.015961893 0.027886722 0.999193490
1341846117.660000 0.085383251 0.045710459 -0.099039197 0.026898928 -0.019049769 0.028860126 0.999039888
1341846117.690000 0.088234261 0.045696609 -0.098923624 0.029432483 -0.019550860 0.027874604 0.998986721
1341846117.730000 0.085296266 0.040475879 -0.101025134 0.030956481 -0.019633604 0.027330413 0.998954058
1341846117.760000 0.084898718 0.036931675 -0.102284268 0.034809567 -0.021464374 0.026169224 0.998820662
1341846117.790000 0.084240392 0.038568888 -0.104182318 0.036977790 -0.023240985 0.024122387 0.998754561
1341846117.830000 0.090598427 0.036066294 -0.102293923 0.038479250 -0.024947152 0.022171538 0.998701870
1341846117.860000 0.092155002 0.037397698 -0.102677010 0.040606488 -0.024161544 0.022049349 0.998639643
1341846117.890000 0.086936802 0.038660139 -0.105123155 0.041153446 -0.024028432 0.024550587 0.998562157
1341846117.930000 0.094421439 0.039045408 -0.100956321 0.041508682 -0.026773296 0.027390100 0.998403728
1341846117.960000 0.100613870 0.040796116 -0.099515073 0.042380426 -0.025670046 0.028675389 0.998359978
1341846117.990000 0.094747774 0.042540204 -0.102724530 0.041568354 -0.023141630 0.031141631 0.998382092
1341846118.030000 0.093606532 0.041171383 -0.101812944 0.040021248 -0.024222951 0.034344401 0.998314619
1341846118.060000 0.100739330 0.041067462 -0.097891875 0.039895181 -0.025218340 0.036260311 0.998227239
1341846118.090000 0.099632427 0.040771432 -0.098738551 0.040102992 -0.023384804 0.037087310 0.998233140
1341846118.130000 0.094540782 0.039379817 -0.101977758 0.038909331 -0.023070855 0.038322061 0.998241067
1341846118.160000 0.100300021 0.036114607 -0.097878553 0.038541280 -0.025032962 0.038831368 0.998188376
1341846118.190000 0.104952171 0.036435276 -0.096255966 0.040229946 -0.023838621 0.037899427 0.998186827
1341846118.230000 0.099483274 0.036312148 -0.098473392 0.040291082 -0.021757226 0.038014632 0.998227537
1341846118.260000 0.103147678 0.032990806 -0.096366704 0.040903971 -0.022517430 0.038853321 0.998153448
1341846118.290000 0.106001623 0.033587892 -0.095353857 0.042855382 -0.021693755 0.038990099 0.998084426
1341846118.360000 0.102376774 0.036338933 -0.096699759 0.043251783 -0.020003213 0.038420502 0.998124778
1341846118.390000 0.108591393 0.034277603 -0.093938001 0.042977430 -0.019801900 0.037597772 0.998171926
1341846118.430000 0.104997732 0.036383823 -0.095925055 0.043886367 -0.017391860 0.037526071 0.998179972
1341846118.460000 0.099750943 0.037059501 -0.098508880 0.042810399 -0.017682234 0.037882932 0.998208165
1341846118.510000 0.104844749 0.035854556 -0.096547887 0.041847706 -0.019132653 0.038292401 0.998206615
1341846118.540000 0.106012195 0.035364322 -0.096511394 0.042427853 -0.018210607 0.038892988 0.998176098
1341846118.570000 0.098747559 0.037727252 -0.099596240 0.041829523 -0.017790832 0.039904699 0.998169005
1341846118.600000 0.105922095 0.033599991 -0.096223883 0.040865038 -0.020385453 0.040879350 0.998119891
1341846118.640000 0.111572698 0.033622187 -0.094695471 0.043046791 -0.018922091 0.040447302 0.998074651
1341846118.670000 0.102105588 0.036092624 -0.100513712 0.043141034 -0.016582677 0.040826976 0.998096704
1341846118.700000 0.104853965 0.032421902 -0.099157199 0.042457372 -0.018225668 0.042178854 0.998041153
1341846118.740000 0.112433270 0.033876896 -0.096756235 0.044351060 -0.017930975 0.042186376 0.997963786
1341846118.770000 0.104903720 0.036901318 -0.101631597 0.044487190 -0.015052897 0.042439293 0.997994602
1341846118.800000 0.108031504 0.033925124 -0.098817699 0.043579988 -0.016254844 0.044137638 0.997942090
1341846118.840000 0.110637024 0.033512730 -0.099865213 0.044935111 -0.016202504 0.044334285 0.997874141
1341846118.870000 0.107383467 0.036087617 -0.101550259 0.045124169 -0.014925764 0.044367447 0.997884035
1341846118.900000 0.106752791 0.034270436 -0.102643669 0.044409640 -0.015651776 0.044013493 0.997920632
1341846118.940000 0.110741235 0.034129359 -0.102154098 0.044667989 -0.015689151 0.042805564 0.997961044
1341846118.970000 0.109349951 0.034033138 -0.103521183 0.045385424 -0.014321281 0.042859115 0.997946978
1341846119.000000 0.109051488 0.033201721 -0.104004778 0.045647297 -0.014887237 0.044574685 0.997851610
1341846119.040000 0.120298550 0.029318050 -0.098886311 0.048029505 -0.015370474 0.046611961 0.997639358
1341846119.070000 0.119543120 0.031341258 -0.101078987 0.051777631 -0.011856104 0.048807044 0.997394800
1341846119.100000 0.113599308 0.032008924 -0.104650460 0.052921649 -0.010479800 0.049635746 0.997309268
1341846119.140000 0.118727311 0.030131539 -0.103355676 0.053179290 -0.011525542 0.049477592 0.997291863
1341846119.170000 0.125187904 0.029270757 -0.101050854 0.055346690 -0.010766706 0.049856644 0.997163534
1341846119.200000 0.120085880 0.029391676 -0.104897648 0.057065420 -0.008727547 0.051284149 0.997014225
1341846119.270000 0.119407885 0.026237551 -0.106892221 0.058296908 -0.013524681 0.057674486 0.996540129
1341846119.300000 0.119482137 0.030580271 -0.107523337 0.059552655 -0.014026475 0.058225233 0.996426940
1341846119.330000 0.117316507 0.029007116 -0.108083367 0.058366593 -0.015459709 0.059781455 0.996383727
1341846119.370000 0.121999145 0.024963755 -0.106554516 0.059069727 -0.018650664 0.061936498 0.996156037
1341846119.400000 0.122505851 0.025742369 -0.106935129 0.060943600 -0.019282766 0.062656023 0.995986104
1341846119.430000 0.123885371 0.027997941 -0.106868945 0.061342295 -0.018661696 0.060833897 0.996086419
1341846119.470000 0.124196298 0.025361804 -0.107459813 0.061026871 -0.017634707 0.060003068 0.996174872
1341846119.500000 0.126420304 0.023448313 -0.106060788 0.062184963 -0.017212523 0.060433488 0.996084630
1341846119.530000 0.124105275 0.024378747 -0.108164683 0.063460045 -0.016594615 0.060365245 0.996018827
1341846119.570000 0.125618905 0.025457375 -0.106670745 0.063706651 -0.016721265 0.059085391 0.996077716
